Car 0.0 0 -2.62 593.48 178.09 658.08 235.77 1.53 1.63 3.88 -0.04 0.81 1.02 -2.60 0.21
Car 0.0 0 1.05 361.65 175.12 516.15 244.98 1.53 1.63 3.88 -0.29 0.81 1.02 0.81 0.14
Car 0.0 0 -2.62 504.46 173.28 559.98 207.77 1.53 1.63 3.88 -0.17 0.78 1.02 -2.72 0.13
Car 0.0 0 -2.62 706.67 171.78 775.38 228.50 1.53 1.63 3.88 0.12 0.79 1.02 -2.44 0.12
Car 0.0 0 -2.62 755.59 171.49 845.51 210.68 1.53 1.63 3.88 0.21 0.78 1.02 -2.36 0.11
Car 0.0 0 -2.62 538.88 162.23 597.90 194.66 1.53 1.63 3.88 -0.12 0.77 1.02 -2.67 0.11
Car 0.0 0 -2.62 733.30 181.51 820.07 234.84 1.53 1.63 3.88 0.17 0.81 1.02 -2.39 0.10
Car 0.0 0 1.05 129.31 169.21 382.36 337.78 1.53 1.63 3.88 -0.56 0.86 1.02 0.59 0.10
Car 0.0 0 1.05 755.64 172.22 903.94 282.65 1.53 1.63 3.88 0.23 0.83 1.02 1.34 0.09
Car 0.0 0 -2.62 468.21 173.23 539.08 217.89 1.53 1.63 3.88 -0.21 0.79 1.02 -2.76 0.09
