Pedestrian 0.0 0 1.05 708.45 158.35 782.83 347.36 1.76 0.66 0.84 0.14 0.97 1.03 1.25 0.18
Car 0.0 0 -2.62 521.43 176.31 549.92 201.40 1.53 1.63 3.88 -0.16 0.77 1.03 -2.71 0.14
Pedestrian 0.0 0 1.05 923.71 112.82 1021.45 355.13 1.76 0.66 0.84 0.47 0.95 1.03 1.53 0.11
Pedestrian 0.0 0 1.05 246.63 190.12 337.19 409.56 1.76 0.66 0.84 -0.51 1.04 1.03 0.64 0.11
Pedestrian 0.0 0 1.05 464.37 160.47 498.71 259.72 1.76 0.66 0.84 -0.23 0.92 1.03 0.88 0.10
Car 0.0 0 -2.62 394.30 184.92 436.53 218.45 1.53 1.63 3.88 -0.33 0.79 1.03 -2.87 0.10
Pedestrian 0.0 0 -2.62 609.55 160.39 631.95 227.01 1.76 0.66 0.84 -0.04 0.90 1.03 -2.59 0.09
Pedestrian 0.0 0 -2.09 491.23 164.71 518.69 238.52 1.76 0.66 0.84 -0.20 0.91 1.03 -2.23 0.09
Pedestrian 0.0 0 -2.62 587.61 159.32 615.83 236.28 1.76 0.66 0.84 -0.06 0.90 1.03 -2.62 0.09
Pedestrian 0.0 0 1.05 926.15 124.46 1004.90 286.85 1.76 0.66 0.84 0.46 0.91 1.03 1.52 0.09
Pedestrian 0.0 0 -2.62 557.66 165.45 582.85 237.48 1.76 0.66 0.84 -0.11 0.91 1.03 -2.66 0.09
Pedestrian 0.0 0 1.05 933.28 126.50 966.66 223.23 1.76 0.66 0.84 0.43 0.87 1.03 1.50 0.08
