Car 0.0 0 1.05 404.93 190.63 475.14 240.47 1.53 1.63 3.88 -0.30 0.82 1.02 0.82 0.19
Car 0.0 0 1.05 298.04 194.68 415.54 266.78 1.53 1.63 3.88 -0.41 0.83 1.02 0.71 0.15
Car 0.0 0 -2.62 482.94 177.21 528.03 212.06 1.53 1.63 3.88 -0.21 0.79 1.02 -2.76 0.14
Car 0.0 0 -2.62 697.03 174.88 772.10 233.02 1.53 1.63 3.88 0.11 0.80 1.02 -2.45 0.13
Car 0.0 0 1.05 109.18 203.54 325.66 331.97 1.53 1.63 3.88 -0.59 0.88 1.02 0.55 0.12
Car 0.0 0 -2.62 447.72 187.77 499.54 224.59 1.53 1.63 3.88 -0.26 0.81 1.02 -2.80 0.12
Car 0.0 0 -2.62 644.98 177.76 694.63 211.30 1.53 1.63 3.88 0.02 0.79 1.02 -2.53 0.11
Car 0.0 0 -2.62 516.83 177.60 549.03 202.66 1.53 1.63 3.88 -0.17 0.78 1.02 -2.72 0.09
Car 0.0 0 -0.52 810.47 157.16 948.61 210.81 1.53 1.63 3.88 0.32 0.77 1.02 -0.17 0.09
Car 0.0 0 -2.62 671.64 176.84 737.77 229.72 1.53 1.63 3.88 0.07 0.80 1.02 -2.49 0.09
Car 0.0 0 -2.62 591.86 171.09 614.77 192.56 1.53 1.63 3.88 -0.07 0.77 1.02 -2.63 0.08
Car 0.0 0 -0.52 1077.77 138.67 1244.24 210.16 1.53 1.63 3.88 0.73 0.76 1.02 0.13 0.08
