Car 0.0 0 -2.62 562.58 179.87 614.41 224.02 1.53 1.63 3.88 -0.10 0.80 1.02 -2.65 0.24
Car 0.0 0 -2.62 647.32 180.41 701.52 224.68 1.53 1.63 3.88 0.03 0.80 1.02 -2.53 0.20
Car 0.0 0 1.05 422.12 178.82 534.30 258.89 1.53 1.63 3.88 -0.24 0.82 1.02 0.87 0.18
Car 0.0 0 1.05 299.00 191.61 512.86 331.02 1.53 1.63 3.88 -0.32 0.87 1.02 0.77 0.17
Car 0.0 0 -2.62 631.39 182.35 679.37 214.75 1.53 1.63 3.88 -0.00 0.79 1.02 -2.55 0.12
Car 0.0 0 -2.62 702.89 176.94 760.48 221.64 1.53 1.63 3.88 0.11 0.79 1.02 -2.45 0.11
Car 0.0 0 -2.62 240.74 181.02 288.67 206.56 1.53 1.63 3.88 -0.55 0.79 1.02 -3.06 0.11
Car 0.0 0 -2.62 206.09 181.10 284.92 214.65 1.53 1.63 3.88 -0.58 0.79 1.02 -3.09 0.10
Car 0.0 0 -2.62 516.20 172.39 542.31 199.17 1.53 1.63 3.88 -0.18 0.78 1.02 -2.73 0.08
Car 0.0 0 -2.62 412.87 175.94 475.69 203.85 1.53 1.63 3.88 -0.30 0.78 1.02 -2.84 0.08
Car 0.0 0 1.05 41.64 176.21 267.39 315.65 1.53 1.63 3.88 -0.72 0.85 1.02 0.48 0.07
