Pedestrian 0.0 0 1.05 94.22 156.50 190.61 392.23 1.76 0.66 0.84 -0.72 1.00 1.03 0.48 0.23
Pedestrian 0.0 0 -2.09 671.59 149.34 717.26 281.12 1.76 0.66 0.84 0.07 0.92 1.03 -1.96 0.14
Pedestrian 0.0 0 1.05 854.60 135.54 961.59 365.83 1.76 0.66 0.84 0.37 0.97 1.03 1.45 0.14
Car 0.0 0 1.05 373.12 157.18 472.80 229.08 1.53 1.63 3.88 -0.31 0.77 1.03 0.81 0.13
Pedestrian 0.0 0 1.05 602.80 153.66 648.02 276.42 1.76 0.66 0.84 -0.03 0.92 1.03 1.08 0.13
Pedestrian 0.0 0 1.05 1008.98 135.82 1116.07 380.26 1.76 0.66 0.84 0.60 0.98 1.03 1.62 0.12
Pedestrian 0.0 0 1.05 644.28 156.65 689.56 280.90 1.76 0.66 0.84 0.03 0.93 1.03 1.14 0.11
Pedestrian 0.0 0 1.05 265.11 161.73 309.78 275.36 1.76 0.66 0.84 -0.51 0.93 1.03 0.64 0.09
Car 0.0 0 1.05 453.01 159.55 563.20 244.56 1.53 1.63 3.88 -0.19 0.78 1.03 0.92 0.09
Cyclist 0.0 0 1.05 95.94 160.34 190.56 380.64 1.74 0.60 1.76 -0.72 0.98 1.03 0.48 0.09
Pedestrian 0.0 0 1.05 770.12 143.04 827.08 280.22 1.76 0.66 0.84 0.22 0.92 1.03 1.32 0.08
