Car 0.0 0 -2.62 576.76 179.11 632.08 227.14 1.53 1.63 3.88 -0.07 0.80 1.02 -2.63 0.24
Car 0.0 0 -2.62 661.82 182.53 700.30 212.87 1.53 1.63 3.88 0.04 0.79 1.02 -2.52 0.20
Car 0.0 0 -2.62 460.70 179.21 510.71 217.34 1.53 1.63 3.88 -0.24 0.79 1.02 -2.79 0.13
Car 0.0 0 -2.62 531.53 176.66 581.55 202.72 1.53 1.63 3.88 -0.14 0.78 1.02 -2.69 0.10
Car 0.0 0 -2.62 386.20 181.49 473.12 233.74 1.53 1.63 3.88 -0.32 0.81 1.02 -2.86 0.10
Car 0.0 0 -2.62 482.63 179.34 536.00 208.55 1.53 1.63 3.88 -0.21 0.79 1.02 -2.76 0.09
Car 0.0 0 -2.62 288.69 175.80 341.01 205.83 1.53 1.63 3.88 -0.48 0.78 1.02 -3.01 0.09
Car 0.0 0 1.05 305.74 181.09 462.89 255.46 1.53 1.63 3.88 -0.37 0.82 1.02 0.74 0.09
Car 0.0 0 1.05 267.07 183.21 465.19 267.72 1.53 1.63 3.88 -0.40 0.83 1.02 0.72 0.08
Car 0.0 0 -2.62 712.91 200.63 767.45 244.66 1.53 1.63 3.88 0.12 0.83 1.02 -2.44 0.07
