Car 0.0 0 -2.62 541.77 176.57 579.48 203.81 1.53 1.63 3.88 -0.13 0.78 1.02 -2.69 0.19
Car 0.0 0 1.05 375.05 186.70 483.08 248.88 1.53 1.63 3.88 -0.31 0.82 1.02 0.80 0.17
Car 0.0 0 -0.52 446.43 182.39 514.60 232.16 1.53 1.63 3.88 -0.24 0.81 1.02 -0.70 0.15
Car 0.0 0 -2.62 728.67 180.64 811.15 243.93 1.53 1.63 3.88 0.16 0.81 1.02 -2.40 0.15
Car 0.0 0 -2.62 686.94 176.73 732.56 212.38 1.53 1.63 3.88 0.08 0.79 1.02 -2.48 0.14
Car 0.0 0 -2.62 486.39 181.88 537.63 216.19 1.53 1.63 3.88 -0.20 0.79 1.02 -2.75 0.13
Car 0.0 0 1.05 763.97 182.59 889.37 268.07 1.53 1.63 3.88 0.24 0.83 1.02 1.34 0.13
Car 0.0 0 -2.62 698.32 180.65 774.72 225.38 1.53 1.63 3.88 0.11 0.80 1.02 -2.44 0.12
Car 0.0 0 1.05 835.24 186.43 1160.68 381.33 1.53 1.63 3.88 0.43 0.89 1.02 1.54 0.09
Car 0.0 0 -2.62 859.61 174.40 905.06 206.18 1.53 1.63 3.88 0.32 0.78 1.02 -2.26 0.08
