Car 0.0 0 -2.62 480.18 178.26 524.76 210.73 1.53 1.63 3.88 -0.22 0.79 1.02 -2.77 0.20
Car 0.0 0 -2.62 402.59 177.76 452.38 210.67 1.53 1.63 3.88 -0.32 0.79 1.02 -2.87 0.17
Car 0.0 0 -2.62 352.79 182.90 423.72 222.06 1.53 1.63 3.88 -0.38 0.80 1.02 -2.92 0.15
Car 0.0 0 -2.62 705.32 171.83 812.77 220.20 1.53 1.63 3.88 0.15 0.79 1.02 -2.41 0.12
Car 0.0 0 1.05 38.31 193.35 232.11 277.72 1.53 1.63 3.88 -0.72 0.84 1.02 0.47 0.11
Car 0.0 0 -2.62 233.57 180.87 312.22 216.09 1.53 1.63 3.88 -0.54 0.79 1.02 -3.05 0.11
Car 0.0 0 -2.62 718.36 170.08 840.17 220.86 1.53 1.63 3.88 0.18 0.79 1.02 -2.39 0.11
Car 0.0 0 -2.62 452.10 177.35 506.52 202.99 1.53 1.63 3.88 -0.25 0.78 1.02 -2.80 0.11
Car 0.0 0 -2.62 521.64 174.99 552.29 197.56 1.53 1.63 3.88 -0.17 0.78 1.02 -2.72 0.10
Car 0.0 0 1.05 547.09 170.90 769.04 368.01 1.53 1.63 3.88 0.01 0.88 1.02 1.11 0.08
