Car 0.0 0 -2.62 507.50 179.24 550.67 209.32 1.53 1.63 3.88 -0.18 0.79 1.02 -2.73 0.22
Car 0.0 0 1.05 375.30 181.66 462.89 236.77 1.53 1.63 3.88 -0.33 0.81 1.02 0.79 0.18
Car 0.0 0 1.05 586.61 180.55 654.52 242.89 1.53 1.63 3.88 -0.05 0.81 1.02 1.06 0.16
Car 0.0 0 -2.62 687.39 180.22 782.60 226.80 1.53 1.63 3.88 0.11 0.80 1.02 -2.45 0.15
Car 0.0 0 -2.62 719.26 176.71 885.01 262.06 1.53 1.63 3.88 0.22 0.82 1.02 -2.36 0.13
Car 0.0 0 1.05 175.70 179.70 304.60 250.10 1.53 1.63 3.88 -0.57 0.81 1.02 0.57 0.13
Car 0.0 0 -2.62 341.60 183.54 413.51 222.19 1.53 1.63 3.88 -0.39 0.80 1.02 -2.93 0.11
Car 0.0 0 -2.62 467.46 181.53 505.49 206.20 1.53 1.63 3.88 -0.24 0.79 1.02 -2.79 0.11
Car 0.0 0 -2.62 641.22 175.23 666.38 197.47 1.53 1.63 3.88 -0.00 0.78 1.02 -2.56 0.10
Car 0.0 0 -0.52 85.23 198.17 216.57 258.20 1.53 1.63 3.88 -0.71 0.83 1.02 -1.09 0.10
Car 0.0 0 -2.62 253.45 181.59 313.31 224.23 1.53 1.63 3.88 -0.53 0.80 1.02 -3.04 0.10
