Car 0.0 0 -2.62 567.98 178.61 629.31 229.05 1.53 1.63 3.88 -0.08 0.80 1.02 -2.63 0.25
Car 0.0 0 -2.62 319.08 180.60 465.04 245.67 1.53 1.63 3.88 -0.37 0.81 1.02 -2.91 0.11
Car 0.0 0 1.05 -9.00 179.21 157.00 245.21 1.53 1.63 3.88 -0.82 0.81 1.02 0.41 0.11
Car 0.0 0 1.05 721.79 192.49 792.86 253.88 1.53 1.63 3.88 0.15 0.83 1.02 1.25 0.10
Car 0.0 0 -2.62 455.30 176.49 539.17 212.37 1.53 1.63 3.88 -0.22 0.79 1.02 -2.77 0.10
Car 0.0 0 -2.62 614.29 178.23 655.28 210.65 1.53 1.63 3.88 -0.03 0.79 1.02 -2.58 0.09
Car 0.0 0 -2.62 643.31 177.19 687.92 211.87 1.53 1.63 3.88 0.01 0.79 1.02 -2.54 0.09
Car 0.0 0 -2.62 599.40 178.98 644.13 210.19 1.53 1.63 3.88 -0.05 0.79 1.02 -2.60 0.09
Car 0.0 0 -2.62 423.89 177.44 524.41 219.35 1.53 1.63 3.88 -0.26 0.79 1.02 -2.80 0.09
Car 0.0 0 1.05 84.14 173.48 343.43 330.36 1.53 1.63 3.88 -0.65 0.86 1.02 0.55 0.08
Car 0.0 0 -2.62 698.82 186.72 783.08 227.65 1.53 1.63 3.88 0.12 0.81 1.02 -2.44 0.08
