Car 0.0 0 -2.62 472.47 176.10 509.09 203.94 1.53 1.63 3.88 -0.23 0.78 1.02 -2.78 0.19
Car 0.0 0 -2.62 587.89 172.90 634.66 215.98 1.53 1.63 3.88 -0.06 0.79 1.02 -2.62 0.18
Car 0.0 0 -2.62 424.86 171.90 463.71 201.49 1.53 1.63 3.88 -0.30 0.78 1.02 -2.84 0.18
Car 0.0 0 1.05 167.03 184.76 349.99 292.62 1.53 1.63 3.88 -0.54 0.84 1.02 0.59 0.16
Car 0.0 0 -2.62 688.79 171.09 807.75 220.18 1.53 1.63 3.88 0.14 0.79 1.02 -2.43 0.14
Car 0.0 0 -2.62 679.20 170.40 794.35 222.08 1.53 1.63 3.88 0.12 0.79 1.02 -2.44 0.14
Car 0.0 0 1.05 753.56 164.37 955.37 288.87 1.53 1.63 3.88 0.30 0.82 1.02 1.37 0.11
Car 0.0 0 -2.62 659.96 172.44 725.84 209.24 1.53 1.63 3.88 0.05 0.78 1.02 -2.50 0.09
Car 0.0 0 1.05 866.06 173.04 1115.05 318.72 1.53 1.63 3.88 0.51 0.84 1.02 1.53 0.08
Car 0.0 0 1.05 849.68 172.95 1107.87 327.11 1.53 1.63 3.88 0.49 0.85 1.02 1.52 0.07
