Car 0.0 0 1.05 615.22 196.85 755.94 307.10 1.53 1.63 3.88 0.04 0.86 1.02 1.15 0.17
Car 0.0 0 1.05 340.77 194.10 409.44 253.41 1.53 1.63 3.88 -0.39 0.83 1.02 0.73 0.15
Car 0.0 0 -2.62 517.70 198.05 566.09 237.10 1.53 1.63 3.88 -0.16 0.82 1.02 -2.71 0.14
Car 0.0 0 1.05 555.33 190.34 651.28 268.22 1.53 1.63 3.88 -0.07 0.83 1.02 1.04 0.14
Car 0.0 0 1.05 224.14 214.70 349.66 302.33 1.53 1.63 3.88 -0.51 0.87 1.02 0.63 0.12
Car 0.0 0 -2.62 397.53 195.91 434.87 224.39 1.53 1.63 3.88 -0.34 0.81 1.02 -2.88 0.12
Car 0.0 0 1.05 -6.02 234.47 288.51 418.13 1.53 1.63 3.88 -0.68 0.95 1.02 0.47 0.09
Car 0.0 0 1.05 683.36 199.70 987.40 389.05 1.53 1.63 3.88 0.21 0.91 1.02 1.35 0.08
Car 0.0 0 -2.62 494.86 195.61 534.18 223.45 1.53 1.63 3.88 -0.20 0.81 1.02 -2.75 0.08
Car 0.0 0 -2.62 531.92 194.09 609.07 253.37 1.53 1.63 3.88 -0.12 0.83 1.02 -2.67 0.08
