Car 0.0 0 1.05 358.29 181.01 423.19 234.01 1.53 1.63 3.88 -0.37 0.81 1.02 0.75 0.18
Car 0.0 0 -2.62 104.30 185.24 210.02 230.85 1.53 1.63 3.88 -0.70 0.81 1.02 3.11 0.16
Car 0.0 0 -2.62 715.20 172.46 773.23 215.79 1.53 1.63 3.88 0.12 0.79 1.02 -2.43 0.15
Car 0.0 0 1.05 261.12 170.96 346.64 230.46 1.53 1.63 3.88 -0.49 0.79 1.02 0.65 0.13
Car 0.0 0 -2.62 483.76 174.62 520.37 204.39 1.53 1.63 3.88 -0.22 0.78 1.02 -2.77 0.12
Car 0.0 0 -2.62 584.18 167.23 622.02 196.47 1.53 1.63 3.88 -0.07 0.77 1.02 -2.63 0.12
Car 0.0 0 2.62 -13.76 191.74 54.08 228.78 1.53 1.63 3.88 -0.90 0.81 1.02 1.93 0.11
Car 0.0 0 -2.62 766.94 167.68 829.05 206.66 1.53 1.63 3.88 0.20 0.78 1.02 -2.36 0.10
Car 0.0 0 -2.62 -10.14 189.85 86.61 231.76 1.53 1.63 3.88 -0.87 0.81 1.02 3.00 0.08
Car 0.0 0 -2.62 630.46 159.71 661.07 189.07 1.53 1.63 3.88 -0.01 0.76 1.02 -2.57 0.08
