Car 0.0 0 -2.62 564.73 187.62 625.39 241.40 1.53 1.63 3.88 -0.08 0.82 1.02 -2.64 0.22
Car 0.0 0 -2.62 631.87 189.63 674.06 222.04 1.53 1.63 3.88 -0.00 0.81 1.02 -2.56 0.19
Car 0.0 0 1.05 229.49 203.16 499.28 369.47 1.53 1.63 3.88 -0.37 0.89 1.02 0.72 0.18
Car 0.0 0 -2.62 253.51 189.51 299.09 214.59 1.53 1.63 3.88 -0.54 0.80 1.02 -3.05 0.13
Car 0.0 0 1.05 373.73 180.65 518.09 293.05 1.53 1.63 3.88 -0.28 0.84 1.02 0.82 0.12
Car 0.0 0 -2.62 531.12 185.11 565.34 211.64 1.53 1.63 3.88 -0.15 0.79 1.02 -2.70 0.12
Car 0.0 0 -2.62 395.91 183.41 504.10 231.25 1.53 1.63 3.88 -0.29 0.81 1.02 -2.84 0.10
Car 0.0 0 -2.62 215.16 189.54 290.79 223.08 1.53 1.63 3.88 -0.57 0.81 1.02 -3.08 0.10
Car 0.0 0 1.05 718.82 186.09 986.73 362.03 1.53 1.63 3.88 0.24 0.88 1.02 1.37 0.10
Car 0.0 0 -2.62 469.89 180.84 535.39 215.82 1.53 1.63 3.88 -0.22 0.79 1.02 -2.77 0.09
Car 0.0 0 1.05 51.45 179.43 299.00 332.04 1.53 1.63 3.88 -0.71 0.86 1.02 0.51 0.08
Car 0.0 0 1.05 681.49 181.35 815.94 279.01 1.53 1.63 3.88 0.12 0.83 1.02 1.24 0.08
