Car 0.0 0 -2.62 471.27 181.50 525.45 223.46 1.53 1.63 3.88 -0.22 0.80 1.02 -2.77 0.22
Car 0.0 0 1.05 252.37 191.75 423.12 291.52 1.53 1.63 3.88 -0.43 0.84 1.02 0.69 0.16
Car 0.0 0 -2.62 495.45 183.00 544.52 213.57 1.53 1.63 3.88 -0.19 0.79 1.02 -2.74 0.13
Car 0.0 0 1.05 791.91 178.70 1085.27 354.25 1.53 1.63 3.88 0.36 0.87 1.02 1.48 0.13
Car 0.0 0 -2.62 694.42 181.76 765.18 232.12 1.53 1.63 3.88 0.10 0.81 1.02 -2.45 0.12
Car 0.0 0 1.05 725.55 179.46 879.37 273.90 1.53 1.63 3.88 0.21 0.83 1.02 1.31 0.12
Car 0.0 0 -0.52 1156.89 177.82 1256.36 220.57 1.53 1.63 3.88 0.79 0.79 1.02 0.17 0.11
Car 0.0 0 -2.62 624.21 174.71 653.23 197.86 1.53 1.63 3.88 -0.02 0.78 1.02 -2.58 0.10
Car 0.0 0 -2.62 711.63 184.39 800.84 237.68 1.53 1.63 3.88 0.14 0.81 1.02 -2.42 0.09
Car 0.0 0 -2.62 974.31 180.44 1038.82 216.28 1.53 1.63 3.88 0.50 0.79 1.02 -2.11 0.08
Car 0.0 0 1.05 914.24 182.45 1191.56 356.11 1.53 1.63 3.88 0.56 0.88 1.02 1.60 0.08
