Car 0.0 0 -2.62 576.91 179.59 613.19 210.49 1.53 1.63 3.88 -0.08 0.77 1.02 -2.63 0.21
Car 0.0 0 -2.62 448.96 184.05 505.87 231.50 1.53 1.63 3.88 -0.25 0.79 1.02 -2.80 0.16
Car 0.0 0 -2.62 482.48 182.80 526.20 215.22 1.53 1.63 3.88 -0.21 0.78 1.02 -2.76 0.12
Car 0.0 0 -2.62 275.15 172.87 339.27 219.25 1.53 1.63 3.88 -0.49 0.77 1.02 -3.01 0.11
Car 0.0 0 1.05 304.08 193.04 448.75 268.46 1.53 1.63 3.88 -0.38 0.82 1.02 0.74 0.10
Car 0.0 0 1.05 93.91 177.60 286.33 271.42 1.53 1.63 3.88 -0.64 0.81 1.02 0.52 0.09
Car 0.0 0 1.05 96.17 180.05 265.94 267.01 1.53 1.63 3.88 -0.66 0.81 1.02 0.51 0.09
Car 0.0 0 -2.62 500.73 175.86 540.16 206.50 1.53 1.63 3.88 -0.19 0.77 1.02 -2.74 0.08
Car 0.0 0 1.05 137.53 177.76 294.94 261.17 1.53 1.63 3.88 -0.61 0.80 1.02 0.55 0.08
Car 0.0 0 -2.62 385.90 182.50 462.25 214.74 1.53 1.63 3.88 -0.33 0.78 1.02 -2.87 0.08
