Pedestrian 0.0 0 1.05 425.82 150.23 474.66 283.95 1.76 0.66 0.84 -0.29 0.93 1.04 0.83 0.15
Pedestrian 0.0 0 1.05 592.56 151.09 643.92 283.17 1.76 0.66 0.84 -0.05 0.93 1.04 1.07 0.13
Pedestrian 0.0 0 1.05 639.50 156.24 680.97 276.53 1.76 0.66 0.84 0.01 0.93 1.04 1.13 0.12
Pedestrian 0.0 0 1.05 362.44 149.48 407.06 268.03 1.76 0.66 0.84 -0.39 0.92 1.04 0.75 0.12
Car 0.0 0 -2.62 1029.40 185.39 1143.91 231.16 1.53 1.63 3.88 0.64 0.80 1.04 -2.02 0.11
Pedestrian 0.0 0 1.05 478.32 158.86 520.37 273.51 1.76 0.66 0.84 -0.22 0.93 1.04 0.90 0.11
Car 0.0 0 -2.62 948.59 183.97 1061.08 233.00 1.53 1.63 3.88 0.53 0.80 1.04 -2.10 0.10
Pedestrian 0.0 0 1.05 509.49 161.40 550.68 270.78 1.76 0.66 0.84 -0.18 0.93 1.04 0.94 0.10
Car 0.0 0 -0.52 1108.29 187.82 1212.27 236.18 1.53 1.63 3.88 0.75 0.80 1.04 0.14 0.09
Pedestrian 0.0 0 -2.62 256.46 145.57 274.69 206.45 1.76 0.66 0.84 -0.56 0.87 1.04 -3.06 0.08
Pedestrian 0.0 0 1.05 389.04 156.86 425.14 258.88 1.76 0.66 0.84 -0.36 0.92 1.04 0.78 0.08
Car 0.0 0 -2.62 568.39 175.57 605.17 214.91 1.53 1.63 3.88 -0.09 0.78 1.04 -2.64 0.08
