Pedestrian 0.0 0 1.05 817.09 141.70 885.54 310.79 1.76 0.66 0.84 0.30 0.94 1.04 1.38 0.14
Pedestrian 0.0 0 1.05 832.15 142.28 900.71 309.97 1.76 0.66 0.84 0.32 0.94 1.04 1.40 0.13
Pedestrian 0.0 0 1.05 488.80 138.02 517.57 223.32 1.76 0.66 0.84 -0.22 0.88 1.04 0.91 0.12
Pedestrian 0.0 0 1.05 441.64 137.64 464.98 214.87 1.76 0.66 0.84 -0.29 0.87 1.04 0.84 0.09
Pedestrian 0.0 0 -2.62 513.57 145.45 538.09 206.71 1.76 0.66 0.84 -0.18 0.87 1.04 -2.73 0.08
Pedestrian 0.0 0 1.05 269.57 131.31 323.18 263.95 1.76 0.66 0.84 -0.52 0.90 1.04 0.64 0.08
Pedestrian 0.0 0 1.05 1043.77 136.63 1140.27 356.53 1.76 0.66 0.84 0.65 0.97 1.04 1.65 0.08
Pedestrian 0.0 0 1.05 412.32 136.26 433.08 208.10 1.76 0.66 0.84 -0.33 0.87 1.04 0.80 0.08
Cyclist 0.0 0 1.05 488.80 138.02 517.57 223.32 1.74 0.60 1.76 -0.22 0.86 1.04 0.91 0.08
Pedestrian 0.0 0 1.05 240.09 133.32 306.67 294.81 1.76 0.66 0.84 -0.55 0.92 1.04 0.61 0.08
