Car 0.0 0 -2.62 585.39 182.48 642.01 230.51 1.53 1.63 3.88 -0.06 0.81 1.02 -2.61 0.21
Car 0.0 0 -2.62 525.20 174.40 570.19 206.35 1.53 1.63 3.88 -0.15 0.78 1.02 -2.70 0.14
Car 0.0 0 1.05 990.64 172.06 1242.66 322.39 1.53 1.63 3.88 0.69 0.84 1.02 1.66 0.11
Car 0.0 0 -2.62 635.76 173.57 672.05 206.64 1.53 1.63 3.88 -0.00 0.78 1.02 -2.56 0.10
Pedestrian 0.0 0 -2.09 764.68 164.66 807.33 273.05 1.76 0.66 0.84 0.19 0.94 1.02 -1.85 0.09
Car 0.0 0 1.05 372.91 180.67 479.50 255.09 1.53 1.63 3.88 -0.32 0.82 1.02 0.80 0.09
Car 0.0 0 1.05 428.66 171.46 521.66 230.32 1.53 1.63 3.88 -0.25 0.79 1.02 0.86 0.09
Car 0.0 0 1.05 266.17 180.80 464.54 271.15 1.53 1.63 3.88 -0.40 0.83 1.02 0.72 0.08
Car 0.0 0 -2.62 947.41 186.20 1013.69 227.56 1.53 1.63 3.88 0.46 0.81 1.02 -2.14 0.08
Car 0.0 0 -2.62 942.45 186.35 1032.13 236.04 1.53 1.63 3.88 0.47 0.81 1.02 -2.14 0.07
