Car 0.0 0 -2.62 599.21 172.96 637.38 203.01 1.53 1.63 3.88 -0.05 0.77 1.04 -2.60 0.20
Pedestrian 0.0 0 1.05 713.14 153.78 789.77 346.15 1.76 0.66 0.84 0.15 0.97 1.04 1.25 0.14
Pedestrian 0.0 0 1.05 887.28 143.72 961.34 309.72 1.76 0.66 0.84 0.40 0.94 1.04 1.47 0.14
Pedestrian 0.0 0 1.05 877.04 142.01 963.31 351.09 1.76 0.66 0.84 0.40 0.97 1.04 1.47 0.13
Car 0.0 0 -2.62 431.68 170.64 475.01 205.07 1.53 1.63 3.88 -0.29 0.77 1.04 -2.83 0.13
Car 0.0 0 -0.52 1030.13 185.49 1143.22 231.15 1.53 1.63 3.88 0.64 0.80 1.04 0.08 0.12
Pedestrian 0.0 0 -2.62 288.82 153.44 312.38 222.33 1.76 0.66 0.84 -0.51 0.89 1.04 -3.02 0.11
Car 0.0 0 -2.62 944.91 184.00 1057.17 232.97 1.53 1.63 3.88 0.52 0.80 1.04 -2.11 0.10
Car 0.0 0 -2.62 565.31 171.31 592.74 195.31 1.53 1.63 3.88 -0.10 0.76 1.04 -2.65 0.08
Pedestrian 0.0 0 1.05 135.69 153.12 165.76 230.58 1.76 0.66 0.84 -0.73 0.89 1.04 0.48 0.08
Cyclist 0.0 0 -2.62 288.82 153.44 312.38 222.33 1.74 0.60 1.76 -0.51 0.88 1.04 -3.02 0.08
Car 0.0 0 -0.52 1107.05 187.56 1212.76 236.34 1.53 1.63 3.88 0.75 0.80 1.04 0.14 0.07
Pedestrian 0.0 0 1.05 57.34 137.97 113.80 264.99 1.76 0.66 0.84 -0.83 0.91 1.04 0.41 0.07
