Car 0.0 0 -2.62 461.37 185.35 511.75 220.46 1.53 1.63 3.88 -0.24 0.80 1.02 -2.79 0.22
Car 0.0 0 1.05 592.85 184.00 680.56 265.60 1.53 1.63 3.88 -0.02 0.83 1.02 1.08 0.18
Car 0.0 0 -2.62 376.30 184.21 439.26 220.97 1.53 1.63 3.88 -0.35 0.80 1.02 -2.89 0.14
Car 0.0 0 -2.62 332.27 190.06 410.33 231.95 1.53 1.63 3.88 -0.40 0.81 1.02 -2.94 0.13
Car 0.0 0 -2.62 681.62 182.82 765.25 221.73 1.53 1.63 3.88 0.10 0.80 1.02 -2.46 0.11
Car 0.0 0 -2.62 194.55 185.57 292.36 229.54 1.53 1.63 3.88 -0.58 0.81 1.02 -3.09 0.11
Car 0.0 0 -2.62 718.86 177.25 830.70 231.33 1.53 1.63 3.88 0.17 0.80 1.02 -2.39 0.10
Car 0.0 0 -2.62 535.82 181.77 568.98 204.75 1.53 1.63 3.88 -0.15 0.79 1.02 -2.70 0.10
Car 0.0 0 -2.62 904.25 125.62 967.50 162.16 1.53 1.63 3.88 0.40 0.72 1.02 -2.19 0.10
Car 0.0 0 -2.62 726.10 174.50 859.47 234.98 1.53 1.63 3.88 0.20 0.80 1.02 -2.37 0.09
Car 0.0 0 -2.62 512.83 182.72 546.59 204.90 1.53 1.63 3.88 -0.18 0.79 1.02 -2.73 0.08
