Pedestrian 0.0 0 1.05 738.50 145.15 804.37 322.83 1.76 0.66 0.84 0.18 0.95 1.04 1.28 0.15
Pedestrian 0.0 0 1.05 774.72 143.52 842.94 316.77 1.76 0.66 0.84 0.23 0.94 1.04 1.33 0.14
Pedestrian 0.0 0 1.05 864.86 134.75 952.28 350.74 1.76 0.66 0.84 0.38 0.96 1.04 1.45 0.13
Pedestrian 0.0 0 1.05 591.89 158.51 629.64 266.05 1.76 0.66 0.84 -0.06 0.92 1.04 1.06 0.12
Car 0.0 0 -2.62 1028.39 185.03 1144.68 231.76 1.53 1.63 3.88 0.64 0.80 1.04 -2.02 0.11
Pedestrian 0.0 0 1.05 645.95 151.67 698.11 274.72 1.76 0.66 0.84 0.03 0.92 1.04 1.14 0.11
Pedestrian 0.0 0 1.05 856.72 143.75 914.64 299.17 1.76 0.66 0.84 0.35 0.93 1.04 1.43 0.10
Car 0.0 0 -2.62 945.31 184.05 1057.35 232.73 1.53 1.63 3.88 0.52 0.80 1.04 -2.11 0.10
Car 0.0 0 -0.52 1107.99 187.74 1212.44 236.23 1.53 1.63 3.88 0.75 0.80 1.04 0.14 0.09
Car 0.0 0 -2.62 292.90 163.75 321.58 187.46 1.53 1.63 3.88 -0.50 0.75 1.04 -3.02 0.08
