Car 0.0 0 -2.62 515.32 180.67 559.17 214.76 1.53 1.63 3.88 -0.17 0.79 1.02 -2.72 0.18
Car 0.0 0 -2.62 532.12 175.40 578.55 207.17 1.53 1.63 3.88 -0.14 0.78 1.02 -2.69 0.13
Car 0.0 0 1.05 468.30 184.61 532.29 238.35 1.53 1.63 3.88 -0.22 0.81 1.02 0.90 0.13
Car 0.0 0 1.05 696.32 188.61 811.64 287.21 1.53 1.63 3.88 0.14 0.84 1.02 1.24 0.13
Car 0.0 0 -2.62 637.17 184.63 712.02 238.13 1.53 1.63 3.88 0.03 0.81 1.02 -2.53 0.12
Car 0.0 0 1.05 426.76 188.14 514.03 262.47 1.53 1.63 3.88 -0.26 0.83 1.02 0.86 0.11
Car 0.0 0 -2.62 558.83 176.55 592.11 202.68 1.53 1.63 3.88 -0.11 0.78 1.02 -2.67 0.10
Car 0.0 0 -2.62 659.71 181.14 746.77 251.86 1.53 1.63 3.88 0.06 0.82 1.02 -2.49 0.09
Car 0.0 0 1.05 264.22 185.78 507.66 348.67 1.53 1.63 3.88 -0.34 0.87 1.02 0.75 0.09
Car 0.0 0 1.05 753.31 195.29 1082.39 396.84 1.53 1.63 3.88 0.32 0.91 1.02 1.45 0.08
