Car 0.0 0 -2.62 678.16 181.94 759.70 249.49 1.53 1.63 3.88 0.09 0.82 1.02 -2.47 0.15
Car 0.0 0 -2.62 631.14 173.35 669.89 200.08 1.53 1.63 3.88 -0.01 0.78 1.02 -2.56 0.15
Car 0.0 0 1.05 748.26 181.61 997.07 349.83 1.53 1.63 3.88 0.27 0.87 1.02 1.40 0.15
Car 0.0 0 -2.62 491.72 173.14 542.26 208.64 1.53 1.63 3.88 -0.19 0.78 1.02 -2.75 0.13
Car 0.0 0 -2.62 654.69 179.97 701.41 216.59 1.53 1.63 3.88 0.03 0.79 1.02 -2.52 0.13
Car 0.0 0 -2.62 335.02 182.31 463.81 233.11 1.53 1.63 3.88 -0.36 0.81 1.02 -2.90 0.13
Car 0.0 0 -2.62 393.92 170.82 494.60 230.11 1.53 1.63 3.88 -0.29 0.79 1.02 -2.84 0.09
Car 0.0 0 -2.62 513.26 173.70 551.64 199.19 1.53 1.63 3.88 -0.17 0.78 1.02 -2.72 0.09
Car 0.0 0 -0.52 203.09 184.90 391.87 265.38 1.53 1.63 3.88 -0.50 0.83 1.02 -0.93 0.08
Car 0.0 0 -2.62 259.96 184.67 408.44 248.22 1.53 1.63 3.88 -0.45 0.82 1.02 -2.98 0.08
