Pedestrian 0.0 0 1.05 269.08 163.06 358.73 394.90 1.76 0.66 0.84 -0.49 1.02 1.02 0.66 0.28
Pedestrian 0.0 0 1.05 899.44 142.45 978.72 334.22 1.76 0.66 0.84 0.40 0.96 1.02 1.48 0.18
Pedestrian 0.0 0 1.05 391.65 159.93 435.75 295.36 1.76 0.66 0.84 -0.34 0.95 1.02 0.78 0.18
Pedestrian 0.0 0 1.05 968.87 136.31 1054.74 341.21 1.76 0.66 0.84 0.50 0.96 1.02 1.56 0.17
Cyclist 0.0 0 1.05 269.08 163.06 358.73 394.90 1.74 0.60 1.76 -0.49 1.01 1.02 0.66 0.12
Car 0.0 0 1.05 666.14 192.20 733.04 254.15 1.53 1.63 3.88 0.06 0.83 1.02 1.17 0.09
Pedestrian 0.0 0 1.05 30.44 177.35 121.46 391.98 1.76 0.66 0.84 -0.82 1.03 1.02 0.41 0.08
Cyclist 0.0 0 1.05 391.65 159.93 435.75 295.36 1.74 0.60 1.76 -0.34 0.94 1.02 0.78 0.08
Pedestrian 0.0 0 1.05 848.31 156.72 902.76 290.81 1.76 0.66 0.84 0.31 0.95 1.02 1.40 0.08
Pedestrian 0.0 0 1.05 36.98 174.53 145.65 427.78 1.76 0.66 0.84 -0.80 1.05 1.02 0.42 0.08
Car 0.0 0 -2.62 610.89 184.66 677.00 238.10 1.53 1.63 3.88 -0.02 0.81 1.02 -2.57 0.08
Pedestrian 0.0 0 -2.62 445.88 165.15 465.67 222.60 1.76 0.66 0.84 -0.28 0.91 1.02 -2.83 0.08
