Car 0.0 0 -2.62 687.87 186.82 760.30 245.03 1.53 1.63 3.88 0.10 0.82 1.02 -2.46 0.18
Car 0.0 0 -2.62 522.55 177.00 558.40 202.36 1.53 1.63 3.88 -0.16 0.78 1.02 -2.71 0.13
Car 0.0 0 -2.62 534.36 174.05 569.61 197.83 1.53 1.63 3.88 -0.15 0.78 1.02 -2.70 0.13
Car 0.0 0 -2.62 629.68 166.53 677.14 207.07 1.53 1.63 3.88 -0.00 0.78 1.02 -2.56 0.12
Car 0.0 0 -2.62 500.71 179.70 540.92 207.37 1.53 1.63 3.88 -0.19 0.79 1.02 -2.74 0.12
Car 0.0 0 -2.62 743.32 186.31 842.67 226.87 1.53 1.63 3.88 0.20 0.81 1.02 -2.37 0.11
Car 0.0 0 -2.62 410.06 178.27 492.83 219.66 1.53 1.63 3.88 -0.29 0.79 1.02 -2.83 0.10
Car 0.0 0 -2.62 446.06 180.48 527.39 216.73 1.53 1.63 3.88 -0.24 0.79 1.02 -2.79 0.09
Car 0.0 0 -2.62 353.08 178.89 467.08 237.23 1.53 1.63 3.88 -0.34 0.81 1.02 -2.89 0.09
Car 0.0 0 -0.52 254.84 180.23 425.60 263.46 1.53 1.63 3.88 -0.44 0.82 1.02 -0.88 0.08
Car 0.0 0 -2.62 712.43 180.74 788.56 215.88 1.53 1.63 3.88 0.14 0.79 1.02 -2.43 0.08
