Car 0.0 0 -2.62 630.39 173.93 700.44 219.39 1.53 1.63 3.88 0.02 0.79 1.02 -2.54 0.18
Car 0.0 0 1.05 761.00 176.30 925.24 297.63 1.53 1.63 3.88 0.26 0.84 1.02 1.36 0.18
Car 0.0 0 1.05 452.49 179.79 560.42 249.19 1.53 1.63 3.88 -0.20 0.81 1.02 0.91 0.12
Car 0.0 0 -2.62 746.39 181.18 830.78 252.88 1.53 1.63 3.88 0.19 0.82 1.02 -2.37 0.11
Car 0.0 0 -2.62 665.44 175.12 716.48 205.59 1.53 1.63 3.88 0.05 0.78 1.02 -2.51 0.10
Car 0.0 0 -2.62 729.45 169.55 763.44 194.17 1.53 1.63 3.88 0.13 0.77 1.02 -2.43 0.10
Car 0.0 0 -2.62 900.92 157.19 983.77 202.47 1.53 1.63 3.88 0.41 0.77 1.02 -2.19 0.10
Car 0.0 0 1.05 233.37 166.26 452.59 327.01 1.53 1.63 3.88 -0.41 0.84 1.02 0.69 0.09
Car 0.0 0 -2.62 693.81 174.64 736.98 197.30 1.53 1.63 3.88 0.09 0.78 1.02 -2.47 0.08
Car 0.0 0 -2.62 878.22 158.99 949.09 190.68 1.53 1.63 3.88 0.37 0.76 1.02 -2.22 0.08
