Car 0.0 0 -2.62 532.03 179.87 571.12 208.66 1.53 1.63 3.88 -0.15 0.79 1.02 -2.70 0.18
Car 0.0 0 1.05 314.82 180.57 507.68 306.41 1.53 1.63 3.88 -0.32 0.84 1.02 0.78 0.16
Car 0.0 0 -2.62 667.38 182.66 710.74 214.65 1.53 1.63 3.88 0.05 0.79 1.02 -2.51 0.15
Car 0.0 0 1.05 709.83 180.99 901.74 301.14 1.53 1.63 3.88 0.20 0.84 1.02 1.31 0.14
Car 0.0 0 -2.62 452.82 180.22 523.66 235.99 1.53 1.63 3.88 -0.23 0.81 1.02 -2.78 0.14
Car 0.0 0 -2.62 684.65 190.56 770.81 257.70 1.53 1.63 3.88 0.10 0.83 1.02 -2.46 0.13
Car 0.0 0 -2.62 501.27 182.90 555.44 222.50 1.53 1.63 3.88 -0.18 0.80 1.02 -2.73 0.12
Car 0.0 0 -2.62 578.62 174.69 604.32 196.71 1.53 1.63 3.88 -0.09 0.78 1.02 -2.64 0.08
Car 0.0 0 -2.62 647.15 175.39 675.93 204.18 1.53 1.63 3.88 0.01 0.78 1.02 -2.55 0.08
Car 0.0 0 -2.62 644.83 169.02 671.31 195.81 1.53 1.63 3.88 0.00 0.77 1.02 -2.55 0.08
