Car 0.0 0 -2.62 421.37 175.02 472.25 215.03 1.53 1.63 3.88 -0.29 0.79 1.02 -2.84 0.22
Car 0.0 0 -2.62 340.67 166.21 403.60 216.55 1.53 1.63 3.88 -0.40 0.78 1.02 -2.94 0.19
Car 0.0 0 -2.62 727.76 169.87 774.45 203.34 1.53 1.63 3.88 0.14 0.78 1.02 -2.42 0.17
Car 0.0 0 -2.62 117.15 182.05 171.91 213.85 1.53 1.63 3.88 -0.72 0.79 1.02 3.09 0.14
Car 0.0 0 -2.62 519.66 168.47 554.55 195.21 1.53 1.63 3.88 -0.17 0.77 1.02 -2.72 0.13
Car 0.0 0 -2.62 211.95 177.82 285.09 212.98 1.53 1.63 3.88 -0.57 0.79 1.02 -3.08 0.13
Car 0.0 0 -2.62 769.56 165.69 818.87 199.58 1.53 1.63 3.88 0.20 0.77 1.02 -2.37 0.12
Car 0.0 0 1.05 787.00 153.91 925.98 254.30 1.53 1.63 3.88 0.28 0.79 1.02 1.38 0.12
Car 0.0 0 -2.62 582.17 171.09 624.64 209.46 1.53 1.63 3.88 -0.07 0.78 1.02 -2.63 0.12
Car 0.0 0 1.05 780.59 169.58 993.63 343.53 1.53 1.63 3.88 0.30 0.86 1.02 1.41 0.10
Car 0.0 0 -2.62 609.70 162.10 643.02 187.66 1.53 1.63 3.88 -0.04 0.76 1.02 -2.59 0.09
