Car 0.0 0 -2.62 436.50 186.76 494.13 227.69 1.53 1.63 3.88 -0.27 0.81 1.02 -2.82 0.21
Car 0.0 0 1.05 270.32 200.21 390.17 276.71 1.53 1.63 3.88 -0.45 0.84 1.02 0.68 0.17
Car 0.0 0 -2.62 493.73 178.81 533.29 209.03 1.53 1.63 3.88 -0.20 0.79 1.02 -2.75 0.16
Car 0.0 0 1.05 369.45 192.88 447.52 247.30 1.53 1.63 3.88 -0.34 0.82 1.02 0.78 0.15
Car 0.0 0 -2.62 459.46 185.80 510.49 219.32 1.53 1.63 3.88 -0.24 0.80 1.02 -2.79 0.12
Car 0.0 0 1.05 90.39 200.89 325.67 336.24 1.53 1.63 3.88 -0.60 0.88 1.02 0.54 0.11
Car 0.0 0 -2.62 521.27 177.78 552.18 201.79 1.53 1.63 3.88 -0.17 0.78 1.02 -2.72 0.09
Car 0.0 0 -2.62 630.45 176.93 692.29 211.92 1.53 1.63 3.88 0.01 0.79 1.02 -2.55 0.09
Car 0.0 0 -2.62 783.94 158.79 891.97 200.49 1.53 1.63 3.88 0.26 0.77 1.02 -2.31 0.08
Car 0.0 0 -0.52 810.38 154.33 940.58 205.61 1.53 1.63 3.88 0.32 0.77 1.02 -0.17 0.08
