Car 0.0 0 -2.62 553.30 169.76 591.55 196.58 1.53 1.63 3.88 -0.12 0.77 1.02 -2.67 0.18
Car 0.0 0 -2.62 680.64 183.39 730.09 221.63 1.53 1.63 3.88 0.07 0.80 1.02 -2.49 0.17
Car 0.0 0 1.05 745.76 175.71 915.81 307.76 1.53 1.63 3.88 0.24 0.84 1.02 1.34 0.16
Car 0.0 0 -2.62 648.02 167.03 683.69 197.95 1.53 1.63 3.88 0.01 0.77 1.02 -2.54 0.15
Car 0.0 0 -2.62 349.36 182.09 482.34 234.45 1.53 1.63 3.88 -0.33 0.81 1.02 -2.88 0.13
Car 0.0 0 -2.62 413.51 179.26 508.20 228.93 1.53 1.63 3.88 -0.27 0.80 1.02 -2.82 0.12
Car 0.0 0 -2.62 712.18 180.64 815.44 252.85 1.53 1.63 3.88 0.15 0.82 1.02 -2.41 0.12
Car 0.0 0 -2.62 513.97 179.32 567.19 208.25 1.53 1.63 3.88 -0.16 0.79 1.02 -2.71 0.11
Car 0.0 0 -2.62 457.41 178.33 539.92 219.55 1.53 1.63 3.88 -0.22 0.79 1.02 -2.77 0.09
Car 0.0 0 -0.52 222.07 181.00 425.57 260.35 1.53 1.63 3.88 -0.46 0.82 1.02 -0.90 0.09
