Car 0.0 0 -2.62 591.40 176.17 633.69 213.68 1.53 1.63 3.88 -0.06 0.79 1.02 -2.61 0.19
Car 0.0 0 1.05 744.92 167.40 950.25 276.36 1.53 1.63 3.88 0.30 0.82 1.02 1.37 0.14
Car 0.0 0 -2.62 681.13 178.25 797.55 238.17 1.53 1.63 3.88 0.12 0.81 1.02 -2.44 0.12
Car 0.0 0 -2.62 658.44 174.60 712.20 214.04 1.53 1.63 3.88 0.04 0.79 1.02 -2.51 0.11
Car 0.0 0 1.05 40.44 181.64 243.59 262.92 1.53 1.63 3.88 -0.71 0.82 1.02 0.47 0.10
Car 0.0 0 -2.62 533.86 173.98 564.10 197.84 1.53 1.63 3.88 -0.15 0.78 1.02 -2.70 0.08
Car 0.0 0 -2.62 225.66 173.58 298.05 207.31 1.53 1.63 3.88 -0.56 0.78 1.02 -3.07 0.08
Car 0.0 0 -2.62 252.05 174.83 317.10 206.71 1.53 1.63 3.88 -0.53 0.78 1.02 -3.04 0.08
Car 0.0 0 -2.62 637.79 174.16 678.12 198.45 1.53 1.63 3.88 0.00 0.78 1.02 -2.55 0.08
Car 0.0 0 -2.62 671.84 176.61 764.19 230.54 1.53 1.63 3.88 0.09 0.80 1.02 -2.47 0.07
