Pedestrian 0.0 0 1.05 637.63 132.72 705.21 312.33 1.76 0.66 0.84 0.03 0.93 1.04 1.14 0.17
Pedestrian 0.0 0 1.05 697.60 135.04 761.99 301.88 1.76 0.66 0.84 0.12 0.93 1.04 1.22 0.16
Pedestrian 0.0 0 1.05 536.68 135.85 568.49 233.74 1.76 0.66 0.84 -0.14 0.88 1.04 0.97 0.14
Pedestrian 0.0 0 -2.09 570.67 134.12 596.26 219.16 1.76 0.66 0.84 -0.10 0.87 1.04 -2.12 0.13
Pedestrian 0.0 0 1.05 496.83 135.39 524.59 225.99 1.76 0.66 0.84 -0.20 0.88 1.04 0.92 0.13
Pedestrian 0.0 0 1.05 415.16 133.68 445.73 227.56 1.76 0.66 0.84 -0.32 0.88 1.04 0.81 0.10
Pedestrian 0.0 0 1.05 325.79 132.50 397.32 296.72 1.76 0.66 0.84 -0.42 0.92 1.04 0.72 0.09
Pedestrian 0.0 0 1.05 444.98 136.69 469.20 215.82 1.76 0.66 0.84 -0.28 0.87 1.04 0.84 0.08
Pedestrian 0.0 0 1.05 382.17 133.06 463.45 312.41 1.76 0.66 0.84 -0.33 0.93 1.04 0.80 0.08
Cyclist 0.0 0 -2.62 570.67 134.12 596.26 219.16 1.74 0.60 1.76 -0.10 0.86 1.04 -2.65 0.08
Pedestrian 0.0 0 1.05 469.44 135.68 490.96 208.77 1.76 0.66 0.84 -0.25 0.87 1.04 0.87 0.08
Cyclist 0.0 0 1.05 536.68 135.85 568.49 233.74 1.74 0.60 1.76 -0.14 0.87 1.04 0.97 0.07
Pedestrian 0.0 0 1.05 271.21 130.04 321.10 256.90 1.76 0.66 0.84 -0.52 0.89 1.04 0.64 0.07
Cyclist 0.0 0 1.05 496.83 135.39 524.59 225.99 1.74 0.60 1.76 -0.20 0.86 1.04 0.92 0.07
