Car 0.0 0 -2.62 413.25 174.90 459.28 206.51 1.53 1.63 3.88 -0.31 0.78 1.02 -2.85 0.18
Car 0.0 0 -2.62 588.64 173.72 634.97 216.36 1.53 1.63 3.88 -0.06 0.79 1.02 -2.61 0.18
Car 0.0 0 -2.62 449.90 181.40 492.56 213.70 1.53 1.63 3.88 -0.26 0.79 1.02 -2.81 0.14
Car 0.0 0 -2.62 685.24 170.77 823.84 240.86 1.53 1.63 3.88 0.15 0.80 1.02 -2.42 0.14
Car 0.0 0 -2.62 699.78 172.01 835.70 230.68 1.53 1.63 3.88 0.17 0.79 1.02 -2.40 0.14
Car 0.0 0 1.05 827.75 170.46 1092.69 321.59 1.53 1.63 3.88 0.47 0.84 1.02 1.50 0.10
Car 0.0 0 -2.62 627.88 172.55 671.21 199.87 1.53 1.63 3.88 -0.01 0.78 1.02 -2.56 0.09
Car 0.0 0 -2.62 667.24 173.35 733.78 216.53 1.53 1.63 3.88 0.06 0.79 1.02 -2.49 0.09
Car 0.0 0 -2.62 389.16 177.41 422.05 203.16 1.53 1.63 3.88 -0.35 0.78 1.02 -2.89 0.09
Car 0.0 0 -2.62 513.15 174.28 545.13 197.88 1.53 1.63 3.88 -0.18 0.78 1.02 -2.73 0.08
Car 0.0 0 -2.62 641.82 166.63 705.03 198.13 1.53 1.63 3.88 0.03 0.77 1.02 -2.53 0.08
