Car 0.0 0 -2.62 447.90 183.18 519.91 240.88 1.53 1.63 3.88 -0.24 0.81 1.02 -2.79 0.19
Car 0.0 0 -2.62 649.95 182.93 694.24 214.74 1.53 1.63 3.88 0.03 0.79 1.02 -2.53 0.18
Car 0.0 0 -2.62 495.57 187.09 552.25 227.10 1.53 1.63 3.88 -0.18 0.81 1.02 -2.74 0.17
Car 0.0 0 -2.62 741.85 173.46 829.66 234.20 1.53 1.63 3.88 0.19 0.80 1.02 -2.38 0.17
Car 0.0 0 1.05 357.49 191.37 481.79 269.77 1.53 1.63 3.88 -0.32 0.83 1.02 0.79 0.16
Car 0.0 0 -2.62 518.45 182.70 567.21 216.12 1.53 1.63 3.88 -0.16 0.79 1.02 -2.71 0.15
Car 0.0 0 -2.62 709.36 179.44 746.52 208.26 1.53 1.63 3.88 0.10 0.79 1.02 -2.46 0.13
Car 0.0 0 1.05 141.00 190.01 412.63 349.08 1.53 1.63 3.88 -0.49 0.87 1.02 0.62 0.12
Car 0.0 0 -2.62 669.66 183.28 713.75 211.69 1.53 1.63 3.88 0.05 0.79 1.02 -2.50 0.10
Car 0.0 0 -2.62 685.92 175.74 729.46 205.03 1.53 1.63 3.88 0.08 0.78 1.02 -2.48 0.10
Car 0.0 0 -2.62 568.85 172.97 606.82 200.44 1.53 1.63 3.88 -0.10 0.78 1.02 -2.65 0.08
