Car 0.0 0 1.05 587.94 187.70 663.16 252.20 1.53 1.63 3.88 -0.04 0.82 1.02 1.07 0.24
Car 0.0 0 -2.62 344.18 181.20 404.14 224.03 1.53 1.63 3.88 -0.40 0.80 1.02 -2.93 0.14
Car 0.0 0 -2.62 500.51 181.29 550.73 215.13 1.53 1.63 3.88 -0.18 0.79 1.02 -2.73 0.13
Car 0.0 0 1.05 202.32 182.88 309.48 251.82 1.53 1.63 3.88 -0.56 0.82 1.02 0.59 0.10
Car 0.0 0 -2.62 554.60 173.10 588.66 199.42 1.53 1.63 3.88 -0.12 0.78 1.02 -2.67 0.09
Car 0.0 0 -2.62 523.26 180.91 565.04 206.98 1.53 1.63 3.88 -0.16 0.79 1.02 -2.71 0.09
Car 0.0 0 -2.62 575.50 183.00 624.16 221.84 1.53 1.63 3.88 -0.08 0.80 1.02 -2.63 0.09
Car 0.0 0 -2.62 670.73 169.71 746.62 230.34 1.53 1.63 3.88 0.08 0.79 1.02 -2.48 0.09
Car 0.0 0 -2.62 649.47 180.19 706.31 216.80 1.53 1.63 3.88 0.03 0.79 1.02 -2.52 0.09
Car 0.0 0 1.05 465.55 182.52 522.77 230.48 1.53 1.63 3.88 -0.23 0.81 1.02 0.89 0.08
