Car 0.0 0 -2.62 407.47 181.97 468.07 226.28 1.53 1.63 3.88 -0.30 0.80 1.02 -2.85 0.22
Car 0.0 0 -2.62 591.33 174.19 637.30 215.17 1.53 1.63 3.88 -0.06 0.79 1.02 -2.61 0.20
Car 0.0 0 -2.62 447.05 172.99 480.28 200.06 1.53 1.63 3.88 -0.27 0.78 1.02 -2.82 0.15
Car 0.0 0 -2.62 669.36 174.44 747.82 214.80 1.53 1.63 3.88 0.08 0.79 1.02 -2.48 0.12
Car 0.0 0 -2.62 679.16 173.14 760.29 208.50 1.53 1.63 3.88 0.09 0.78 1.02 -2.47 0.11
Car 0.0 0 -2.62 713.36 176.12 808.58 231.47 1.53 1.63 3.88 0.15 0.80 1.02 -2.41 0.11
Car 0.0 0 -2.62 648.47 176.54 704.19 212.38 1.53 1.63 3.88 0.03 0.79 1.02 -2.53 0.09
Car 0.0 0 -2.62 635.63 166.74 689.01 198.41 1.53 1.63 3.88 0.01 0.77 1.02 -2.55 0.08
Car 0.0 0 1.05 752.93 161.11 915.97 279.26 1.53 1.63 3.88 0.25 0.82 1.02 1.35 0.08
Car 0.0 0 1.05 859.00 172.47 1181.39 362.49 1.53 1.63 3.88 0.55 0.87 1.02 1.56 0.07
