Car 0.0 0 -2.62 600.11 173.41 636.96 201.96 1.53 1.63 3.88 -0.05 0.77 1.04 -2.60 0.17
Car 0.0 0 -0.52 1028.18 185.14 1144.84 231.46 1.53 1.63 3.88 0.64 0.80 1.04 0.08 0.12
Car 0.0 0 -0.52 616.12 176.41 754.20 234.44 1.53 1.63 3.88 0.06 0.79 1.04 -0.41 0.11
Pedestrian 0.0 0 -2.09 261.90 151.04 300.64 257.75 1.76 0.66 0.84 -0.54 0.91 1.04 -2.52 0.11
Car 0.0 0 -2.62 432.63 171.94 472.28 203.05 1.53 1.63 3.88 -0.29 0.77 1.04 -2.83 0.10
Car 0.0 0 -2.62 557.41 170.34 586.06 196.01 1.53 1.63 3.88 -0.11 0.76 1.04 -2.66 0.10
Car 0.0 0 -2.62 949.06 184.00 1060.78 232.75 1.53 1.63 3.88 0.53 0.80 1.04 -2.10 0.10
Pedestrian 0.0 0 -2.62 327.94 153.93 349.30 213.88 1.76 0.66 0.84 -0.46 0.88 1.04 -2.98 0.09
Pedestrian 0.0 0 1.05 201.94 147.90 230.35 220.18 1.76 0.66 0.84 -0.64 0.88 1.04 0.55 0.08
Car 0.0 0 -0.52 1106.82 187.43 1212.84 236.46 1.53 1.63 3.88 0.75 0.80 1.04 0.14 0.08
