Car 0.0 0 1.05 415.62 188.77 481.01 235.38 1.53 1.63 3.88 -0.29 0.81 1.02 0.83 0.21
Car 0.0 0 1.05 154.56 200.98 345.30 316.95 1.53 1.63 3.88 -0.55 0.87 1.02 0.58 0.16
Car 0.0 0 -2.62 689.65 173.89 764.73 233.91 1.53 1.63 3.88 0.10 0.80 1.02 -2.46 0.15
Car 0.0 0 1.05 320.24 193.57 427.29 258.71 1.53 1.63 3.88 -0.39 0.83 1.02 0.73 0.15
Car 0.0 0 -2.62 483.22 177.60 528.99 212.11 1.53 1.63 3.88 -0.21 0.79 1.02 -2.76 0.15
Car 0.0 0 -2.62 451.51 184.78 503.67 220.30 1.53 1.63 3.88 -0.25 0.80 1.02 -2.80 0.12
Car 0.0 0 -2.62 645.45 177.23 694.77 211.56 1.53 1.63 3.88 0.02 0.79 1.02 -2.53 0.11
Car 0.0 0 -0.52 800.04 158.08 928.66 209.61 1.53 1.63 3.88 0.30 0.77 1.02 -0.18 0.08
Car 0.0 0 -2.62 668.25 176.18 734.27 222.45 1.53 1.63 3.88 0.06 0.79 1.02 -2.49 0.08
Car 0.0 0 -2.62 633.78 176.59 674.95 203.45 1.53 1.63 3.88 -0.00 0.78 1.02 -2.56 0.08
