Pedestrian 0.0 0 1.05 1022.30 141.70 1109.60 353.02 1.76 0.66 0.84 0.61 0.97 1.04 1.63 0.18
Pedestrian 0.0 0 1.05 569.82 151.55 620.65 282.36 1.76 0.66 0.84 -0.08 0.93 1.04 1.03 0.12
Pedestrian 0.0 0 1.05 833.69 142.53 914.98 326.81 1.76 0.66 0.84 0.33 0.95 1.04 1.41 0.12
Pedestrian 0.0 0 1.05 586.49 149.00 641.57 285.34 1.76 0.66 0.84 -0.05 0.93 1.04 1.06 0.11
Pedestrian 0.0 0 -2.09 255.24 147.25 276.85 212.68 1.76 0.66 0.84 -0.56 0.88 1.04 -2.54 0.10
Pedestrian 0.0 0 1.05 532.42 153.68 588.18 288.16 1.76 0.66 0.84 -0.13 0.93 1.04 0.99 0.10
Pedestrian 0.0 0 -2.62 474.10 161.72 493.95 221.27 1.76 0.66 0.84 -0.24 0.89 1.04 -2.79 0.10
Pedestrian 0.0 0 1.05 857.74 139.61 898.28 246.09 1.76 0.66 0.84 0.33 0.89 1.04 1.42 0.09
Pedestrian 0.0 0 1.05 628.61 148.80 683.77 285.38 1.76 0.66 0.84 0.01 0.93 1.04 1.12 0.09
Pedestrian 0.0 0 -2.09 220.87 149.81 242.05 210.22 1.76 0.66 0.84 -0.61 0.88 1.04 -2.58 0.09
Pedestrian 0.0 0 -2.62 185.65 150.48 216.77 225.76 1.76 0.66 0.84 -0.66 0.89 1.04 -3.14 0.08
Car 0.0 0 -2.62 291.77 163.53 322.75 187.59 1.53 1.63 3.88 -0.50 0.75 1.04 -3.02 0.08
Car 0.0 0 -0.52 947.44 183.41 1064.57 232.46 1.53 1.63 3.88 0.53 0.80 1.04 -0.01 0.08
Pedestrian 0.0 0 1.05 780.81 140.69 867.56 343.52 1.76 0.66 0.84 0.26 0.96 1.04 1.35 0.08
Pedestrian 0.0 0 1.05 601.42 151.63 671.37 323.22 1.76 0.66 0.84 -0.02 0.96 1.04 1.09 0.07
