Car 0.0 0 -2.62 674.44 177.95 741.20 229.86 1.53 1.63 3.88 0.08 0.80 1.02 -2.48 0.22
Car 0.0 0 -2.62 645.79 171.94 700.17 210.61 1.53 1.63 3.88 0.03 0.78 1.02 -2.53 0.21
Car 0.0 0 -2.62 469.32 173.32 518.96 208.45 1.53 1.63 3.88 -0.23 0.78 1.02 -2.78 0.17
Car 0.0 0 1.05 734.12 168.89 991.37 348.86 1.53 1.63 3.88 0.25 0.86 1.02 1.38 0.14
Car 0.0 0 1.05 729.09 172.25 977.47 344.07 1.53 1.63 3.88 0.24 0.86 1.02 1.37 0.14
Car 0.0 0 -2.62 503.49 167.67 547.74 197.95 1.53 1.63 3.88 -0.18 0.77 1.02 -2.73 0.10
Car 0.0 0 -2.62 494.45 171.03 540.82 201.03 1.53 1.63 3.88 -0.19 0.78 1.02 -2.74 0.10
Car 0.0 0 -2.62 527.87 170.06 561.19 193.37 1.53 1.63 3.88 -0.16 0.77 1.02 -2.71 0.08
Car 0.0 0 -2.62 309.21 172.72 430.35 227.15 1.53 1.63 3.88 -0.40 0.79 1.02 -2.94 0.08
Car 0.0 0 -2.62 372.21 163.62 498.95 222.16 1.53 1.63 3.88 -0.30 0.78 1.02 -2.85 0.08
