Car 0.0 0 -2.62 340.87 177.54 409.48 221.57 1.53 1.63 3.88 -0.39 0.79 1.02 -2.93 0.19
Car 0.0 0 -2.62 423.98 179.56 463.95 207.79 1.53 1.63 3.88 -0.30 0.79 1.02 -2.84 0.16
Car 0.0 0 -2.62 590.89 176.46 639.76 221.34 1.53 1.63 3.88 -0.06 0.79 1.02 -2.61 0.15
Car 0.0 0 1.05 713.65 171.36 903.61 271.71 1.53 1.63 3.88 0.24 0.82 1.02 1.32 0.15
Car 0.0 0 -2.62 387.41 177.75 437.57 210.55 1.53 1.63 3.88 -0.34 0.79 1.02 -2.88 0.14
Car 0.0 0 1.05 922.48 173.17 1220.56 359.83 1.53 1.63 3.88 0.64 0.87 1.02 1.62 0.13
Car 0.0 0 -2.62 642.33 173.85 689.27 205.37 1.53 1.63 3.88 0.01 0.78 1.02 -2.54 0.09
Car 0.0 0 -2.62 652.12 165.68 739.88 208.71 1.53 1.63 3.88 0.06 0.78 1.02 -2.50 0.09
Car 0.0 0 -2.62 663.42 163.26 768.37 211.61 1.53 1.63 3.88 0.09 0.78 1.02 -2.47 0.09
Car 0.0 0 1.05 718.51 177.09 811.50 248.30 1.53 1.63 3.88 0.15 0.81 1.02 1.26 0.09
