Car 0.0 0 -2.62 585.21 179.33 643.02 227.00 1.53 1.63 3.88 -0.06 0.80 1.02 -2.61 0.23
Car 0.0 0 1.05 284.83 180.44 441.15 256.33 1.53 1.63 3.88 -0.40 0.82 1.02 0.72 0.14
Car 0.0 0 1.05 766.28 153.27 978.47 312.41 1.53 1.63 3.88 0.28 0.83 1.02 1.40 0.11
Car 0.0 0 -2.62 514.50 167.70 567.53 205.37 1.53 1.63 3.88 -0.16 0.78 1.02 -2.71 0.11
Car 0.0 0 -2.62 373.15 177.74 483.82 239.96 1.53 1.63 3.88 -0.32 0.81 1.02 -2.86 0.11
Car 0.0 0 -2.62 416.41 175.44 527.44 224.04 1.53 1.63 3.88 -0.26 0.79 1.02 -2.81 0.10
Car 0.0 0 -2.62 541.34 172.75 578.29 199.01 1.53 1.63 3.88 -0.13 0.78 1.02 -2.69 0.09
Car 0.0 0 -2.62 304.09 172.19 343.05 199.60 1.53 1.63 3.88 -0.47 0.78 1.02 -3.00 0.08
Car 0.0 0 -2.62 740.66 173.52 768.13 197.45 1.53 1.63 3.88 0.14 0.78 1.02 -2.42 0.08
Car 0.0 0 -2.62 470.24 174.50 539.05 215.77 1.53 1.63 3.88 -0.21 0.79 1.02 -2.76 0.08
Pedestrian 0.0 0 -2.09 702.41 164.86 721.93 230.77 1.76 0.66 0.84 0.08 0.91 1.02 -1.95 0.07
