Car 0.0 0 1.05 583.99 175.32 656.20 233.85 1.53 1.63 3.88 -0.05 0.80 1.02 1.06 0.22
Car 0.0 0 1.05 228.77 161.77 331.56 225.65 1.53 1.63 3.88 -0.53 0.78 1.02 0.62 0.14
Car 0.0 0 -2.62 514.41 166.61 558.94 197.79 1.53 1.63 3.88 -0.17 0.77 1.02 -2.72 0.12
Car 0.0 0 -2.62 665.33 163.85 714.95 202.14 1.53 1.63 3.88 0.05 0.77 1.02 -2.51 0.12
Car 0.0 0 1.05 409.17 171.18 489.80 237.14 1.53 1.63 3.88 -0.29 0.80 1.02 0.83 0.12
Car 0.0 0 -2.62 552.61 156.99 590.43 184.03 1.53 1.63 3.88 -0.12 0.76 1.02 -2.67 0.10
Car 0.0 0 -2.62 679.79 169.45 740.45 214.01 1.53 1.63 3.88 0.08 0.78 1.02 -2.48 0.10
Car 0.0 0 -2.62 468.92 168.64 543.18 206.08 1.53 1.63 3.88 -0.21 0.78 1.02 -2.76 0.08
Car 0.0 0 -2.62 475.40 168.68 550.86 205.15 1.53 1.63 3.88 -0.20 0.78 1.02 -2.75 0.08
Pedestrian 0.0 0 1.05 321.21 136.17 419.75 356.26 1.76 0.66 0.84 -0.40 0.97 1.02 0.73 0.08
Car 0.0 0 -2.62 701.35 153.05 812.34 243.21 1.53 1.63 3.88 0.14 0.79 1.02 -2.42 0.08
Car 0.0 0 1.05 356.86 165.90 489.39 237.48 1.53 1.63 3.88 -0.32 0.79 1.02 0.79 0.08
Car 0.0 0 -2.62 626.28 154.89 650.32 178.16 1.53 1.63 3.88 -0.02 0.75 1.02 -2.58 0.07
