Car 0.0 0 -2.62 350.47 175.34 416.19 216.78 1.53 1.63 3.88 -0.38 0.79 1.02 -2.92 0.19
Car 0.0 0 -2.62 589.86 176.44 644.53 222.13 1.53 1.63 3.88 -0.05 0.79 1.02 -2.61 0.18
Car 0.0 0 -2.62 423.87 176.79 464.60 205.02 1.53 1.63 3.88 -0.30 0.78 1.02 -2.84 0.16
Car 0.0 0 1.05 703.88 168.60 885.35 265.95 1.53 1.63 3.88 0.22 0.81 1.02 1.30 0.15
Car 0.0 0 1.05 859.43 169.70 1143.88 335.62 1.53 1.63 3.88 0.53 0.85 1.02 1.54 0.12
Car 0.0 0 -2.62 398.10 179.05 442.01 208.51 1.53 1.63 3.88 -0.33 0.79 1.02 -2.87 0.11
Car 0.0 0 -2.62 656.59 165.25 721.93 208.94 1.53 1.63 3.88 0.05 0.78 1.02 -2.51 0.10
Car 0.0 0 1.05 710.83 176.01 797.11 240.97 1.53 1.63 3.88 0.14 0.81 1.02 1.24 0.10
Car 0.0 0 1.05 19.90 198.27 268.96 331.93 1.53 1.63 3.88 -0.69 0.87 1.02 0.47 0.09
Car 0.0 0 -2.62 662.74 162.90 761.79 212.38 1.53 1.63 3.88 0.08 0.78 1.02 -2.48 0.09
Car 0.0 0 -2.62 638.52 172.58 685.16 200.48 1.53 1.63 3.88 0.01 0.78 1.02 -2.55 0.09
Car 0.0 0 -2.62 484.27 175.03 511.90 196.33 1.53 1.63 3.88 -0.22 0.78 1.02 -2.77 0.08
