Pedestrian 0.0 0 1.05 794.52 150.42 866.05 339.37 1.76 0.66 0.84 0.26 0.96 1.03 1.36 0.18
Car 0.0 0 1.05 392.54 157.98 487.62 221.28 1.53 1.63 3.88 -0.28 0.77 1.03 0.83 0.16
Pedestrian 0.0 0 1.05 235.50 158.46 287.15 296.31 1.76 0.66 0.84 -0.55 0.94 1.03 0.61 0.15
Pedestrian 0.0 0 1.05 763.06 152.83 820.11 302.32 1.76 0.66 0.84 0.21 0.94 1.03 1.31 0.12
Car 0.0 0 1.05 519.93 162.17 573.89 211.32 1.53 1.63 3.88 -0.14 0.77 1.03 0.97 0.11
Pedestrian 0.0 0 1.05 701.32 149.22 786.75 348.86 1.76 0.66 0.84 0.14 0.97 1.03 1.24 0.11
Pedestrian 0.0 0 1.05 357.09 160.70 404.19 284.74 1.76 0.66 0.84 -0.38 0.93 1.03 0.75 0.10
Pedestrian 0.0 0 1.05 714.08 155.07 775.79 292.33 1.76 0.66 0.84 0.14 0.93 1.03 1.25 0.09
Pedestrian 0.0 0 1.05 1079.35 132.19 1185.06 352.09 1.76 0.66 0.84 0.69 0.96 1.03 1.68 0.09
Pedestrian 0.0 0 -2.09 620.31 160.44 645.19 234.91 1.76 0.66 0.84 -0.02 0.90 1.03 -2.05 0.08
