Car 0.0 0 -2.62 442.97 187.07 496.92 226.04 1.53 1.63 3.88 -0.26 0.81 1.02 -2.81 0.22
Car 0.0 0 1.05 140.63 198.04 347.45 321.85 1.53 1.63 3.88 -0.55 0.87 1.02 0.58 0.15
Car 0.0 0 -2.62 496.88 174.45 537.94 207.07 1.53 1.63 3.88 -0.19 0.78 1.02 -2.75 0.13
Car 0.0 0 1.05 302.06 197.57 409.06 269.28 1.53 1.63 3.88 -0.41 0.84 1.02 0.71 0.13
Car 0.0 0 -0.52 1163.93 135.70 1258.73 176.63 1.53 1.63 3.88 0.79 0.73 1.02 0.17 0.11
Car 0.0 0 -2.62 471.21 183.48 514.73 214.09 1.53 1.63 3.88 -0.23 0.79 1.02 -2.78 0.10
Car 0.0 0 1.05 385.38 191.04 456.22 240.26 1.53 1.63 3.88 -0.33 0.82 1.02 0.79 0.10
Car 0.0 0 -2.62 636.85 175.83 679.16 205.69 1.53 1.63 3.88 0.00 0.78 1.02 -2.55 0.09
Car 0.0 0 -2.62 774.25 159.18 878.25 200.38 1.53 1.63 3.88 0.25 0.77 1.02 -2.33 0.09
Car 0.0 0 -0.52 896.88 147.78 1042.34 206.54 1.53 1.63 3.88 0.46 0.76 1.02 -0.06 0.09
Car 0.0 0 -2.62 521.47 177.70 552.37 201.78 1.53 1.63 3.88 -0.17 0.78 1.02 -2.72 0.08
Car 0.0 0 -2.62 664.34 174.56 735.30 223.83 1.53 1.63 3.88 0.06 0.79 1.02 -2.49 0.08
Car 0.0 0 -0.52 801.62 154.55 925.75 205.84 1.53 1.63 3.88 0.30 0.77 1.02 -0.18 0.08
