Car 0.0 0 -2.62 577.67 175.03 620.51 204.22 1.53 1.63 3.88 -0.08 0.78 1.02 -2.63 0.14
Car 0.0 0 -2.62 514.82 168.76 559.53 198.00 1.53 1.63 3.88 -0.17 0.77 1.02 -2.72 0.14
Car 0.0 0 -2.62 583.19 172.40 628.50 201.55 1.53 1.63 3.88 -0.07 0.78 1.02 -2.62 0.14
Car 0.0 0 -2.62 210.70 185.69 363.29 247.70 1.53 1.63 3.88 -0.51 0.82 1.02 -3.04 0.13
Car 0.0 0 -2.62 384.31 175.91 438.68 205.96 1.53 1.63 3.88 -0.34 0.78 1.02 -2.89 0.13
Car 0.0 0 -2.62 455.69 176.08 539.83 214.19 1.53 1.63 3.88 -0.22 0.79 1.02 -2.77 0.12
Car 0.0 0 -2.62 347.24 175.94 435.39 214.70 1.53 1.63 3.88 -0.37 0.79 1.02 -2.91 0.12
Car 0.0 0 -2.62 453.31 178.26 505.24 218.20 1.53 1.63 3.88 -0.25 0.79 1.02 -2.80 0.11
Car 0.0 0 2.62 -38.54 189.77 88.81 241.55 1.53 1.63 3.88 -0.89 0.82 1.02 1.94 0.10
Car 0.0 0 -2.62 195.58 187.99 326.40 241.79 1.53 1.63 3.88 -0.56 0.82 1.02 -3.07 0.08
Car 0.0 0 -2.62 200.66 190.99 306.67 238.32 1.53 1.63 3.88 -0.57 0.82 1.02 -3.08 0.08
