Car 0.0 0 1.05 723.70 180.10 830.24 256.25 1.53 1.63 3.88 0.18 0.82 1.02 1.28 0.18
Car 0.0 0 -2.62 680.68 180.49 729.91 216.21 1.53 1.63 3.88 0.07 0.79 1.02 -2.49 0.16
Car 0.0 0 -2.62 453.31 177.29 533.62 220.32 1.53 1.63 3.88 -0.23 0.79 1.02 -2.78 0.13
Car 0.0 0 -2.62 565.27 169.68 602.04 194.23 1.53 1.63 3.88 -0.10 0.77 1.02 -2.65 0.12
Car 0.0 0 -2.62 397.55 179.21 505.22 229.41 1.53 1.63 3.88 -0.28 0.80 1.02 -2.83 0.12
Car 0.0 0 -2.62 314.95 179.07 461.85 237.93 1.53 1.63 3.88 -0.37 0.81 1.02 -2.92 0.11
Car 0.0 0 -2.62 653.15 164.31 686.31 193.20 1.53 1.63 3.88 0.02 0.77 1.02 -2.53 0.10
Car 0.0 0 -2.62 496.27 176.20 563.29 212.22 1.53 1.63 3.88 -0.18 0.79 1.02 -2.73 0.10
Car 0.0 0 -2.62 702.78 178.47 781.55 237.37 1.53 1.63 3.88 0.12 0.81 1.02 -2.44 0.09
Car 0.0 0 -2.62 521.52 176.11 583.40 204.08 1.53 1.63 3.88 -0.15 0.78 1.02 -2.70 0.08
