Car 0.0 0 -2.62 442.46 180.75 504.98 226.72 1.53 1.63 3.88 -0.26 0.80 1.02 -2.80 0.21
Car 0.0 0 1.05 587.29 181.61 655.00 241.99 1.53 1.63 3.88 -0.05 0.81 1.02 1.06 0.17
Car 0.0 0 -2.62 365.00 184.56 432.80 222.06 1.53 1.63 3.88 -0.36 0.80 1.02 -2.90 0.16
Car 0.0 0 1.05 170.20 182.10 366.58 297.52 1.53 1.63 3.88 -0.52 0.84 1.02 0.61 0.14
Car 0.0 0 -2.62 536.18 181.37 567.72 205.51 1.53 1.63 3.88 -0.15 0.79 1.02 -2.70 0.13
Car 0.0 0 -2.62 679.51 181.06 759.88 225.43 1.53 1.63 3.88 0.09 0.80 1.02 -2.47 0.12
Car 0.0 0 1.05 960.20 165.58 1231.76 342.58 1.53 1.63 3.88 0.67 0.85 1.02 1.64 0.10
Car 0.0 0 1.05 950.37 166.89 1226.06 341.11 1.53 1.63 3.88 0.66 0.85 1.02 1.63 0.10
Car 0.0 0 -2.62 390.11 184.98 441.08 211.70 1.53 1.63 3.88 -0.34 0.79 1.02 -2.88 0.10
Car 0.0 0 -2.62 724.66 180.37 851.95 245.00 1.53 1.63 3.88 0.20 0.81 1.02 -2.38 0.10
Car 0.0 0 1.05 72.08 191.03 282.63 276.76 1.53 1.63 3.88 -0.66 0.84 1.02 0.51 0.09
Car 0.0 0 -2.62 476.83 183.04 511.25 212.13 1.53 1.63 3.88 -0.23 0.79 1.02 -2.78 0.07
