Car 0.0 0 1.05 953.70 176.45 1037.12 248.77 1.53 1.63 3.88 0.48 0.81 1.02 1.54 0.19
Car 0.0 0 -2.62 754.14 173.39 806.48 208.69 1.53 1.63 3.88 0.18 0.78 1.02 -2.39 0.18
Car 0.0 0 1.05 577.83 181.16 702.61 256.78 1.53 1.63 3.88 -0.01 0.82 1.02 1.09 0.16
Car 0.0 0 -2.62 779.27 171.55 821.02 201.66 1.53 1.63 3.88 0.21 0.78 1.02 -2.36 0.16
Car 0.0 0 -2.62 724.38 174.30 787.19 217.91 1.53 1.63 3.88 0.15 0.79 1.02 -2.42 0.14
Car 0.0 0 -2.62 819.76 172.86 859.67 198.26 1.53 1.63 3.88 0.26 0.78 1.02 -2.31 0.11
Car 0.0 0 -2.62 938.51 173.45 983.42 208.56 1.53 1.63 3.88 0.43 0.78 1.02 -2.16 0.10
Car 0.0 0 1.05 1036.53 184.50 1319.35 363.90 1.53 1.63 3.88 0.70 0.88 1.02 1.71 0.09
Car 0.0 0 -2.62 903.31 168.29 961.98 196.56 1.53 1.63 3.88 0.39 0.77 1.02 -2.20 0.08
Car 0.0 0 -2.62 940.42 174.01 1017.91 225.82 1.53 1.63 3.88 0.46 0.79 1.02 -2.14 0.07
