Car 0.0 0 1.05 704.59 181.22 845.89 292.68 1.53 1.63 3.88 0.19 0.84 1.02 1.27 0.18
Car 0.0 0 1.05 596.38 185.65 720.67 266.60 1.53 1.63 3.88 0.01 0.83 1.02 1.11 0.17
Car 0.0 0 -2.62 424.74 174.93 470.40 214.52 1.53 1.63 3.88 -0.29 0.79 1.02 -2.84 0.15
Car 0.0 0 -2.62 494.11 183.80 544.20 220.09 1.53 1.63 3.88 -0.19 0.80 1.02 -2.74 0.15
Car 0.0 0 1.05 205.00 191.64 318.59 268.91 1.53 1.63 3.88 -0.55 0.83 1.02 0.60 0.13
Pedestrian 0.0 0 1.05 549.18 170.34 595.51 291.66 1.76 0.66 0.84 -0.12 0.96 1.02 1.00 0.10
Car 0.0 0 1.05 240.10 194.98 325.73 255.35 1.53 1.63 3.88 -0.52 0.83 1.02 0.62 0.09
Car 0.0 0 1.05 284.85 185.50 349.40 237.77 1.53 1.63 3.88 -0.48 0.81 1.02 0.66 0.09
Car 0.0 0 -2.62 470.99 182.24 511.42 206.72 1.53 1.63 3.88 -0.23 0.79 1.02 -2.78 0.08
Car 0.0 0 -2.62 514.45 190.25 570.32 230.77 1.53 1.63 3.88 -0.16 0.81 1.02 -2.71 0.08
