Car 0.0 0 1.05 604.92 172.66 680.15 228.33 1.53 1.63 3.88 -0.01 0.79 1.02 1.09 0.19
Car 0.0 0 -2.62 728.42 165.68 759.32 190.81 1.53 1.63 3.88 0.12 0.77 1.02 -2.43 0.16
Car 0.0 0 -2.62 505.79 172.84 545.10 201.37 1.53 1.63 3.88 -0.18 0.78 1.02 -2.73 0.16
Car 0.0 0 -2.62 436.83 183.33 481.05 212.23 1.53 1.63 3.88 -0.28 0.79 1.02 -2.82 0.15
Car 0.0 0 -2.62 535.32 172.50 570.27 198.35 1.53 1.63 3.88 -0.15 0.78 1.02 -2.70 0.13
Car 0.0 0 -2.62 258.82 189.22 357.99 234.21 1.53 1.63 3.88 -0.49 0.81 1.02 -3.01 0.12
Car 0.0 0 -2.62 310.72 186.41 365.87 225.65 1.53 1.63 3.88 -0.45 0.81 1.02 -2.98 0.11
Car 0.0 0 -2.62 612.71 148.07 694.29 214.84 1.53 1.63 3.88 0.00 0.77 1.02 -2.56 0.09
Car 0.0 0 -2.62 626.52 150.10 686.99 184.69 1.53 1.63 3.88 0.00 0.75 1.02 -2.55 0.08
Car 0.0 0 -2.62 678.05 170.39 706.14 193.38 1.53 1.63 3.88 0.05 0.77 1.02 -2.50 0.08
