Car 0.0 0 -2.62 545.85 176.90 582.73 203.51 1.53 1.63 3.88 -0.13 0.78 1.02 -2.68 0.20
Car 0.0 0 1.05 392.20 186.53 490.91 248.13 1.53 1.63 3.88 -0.29 0.82 1.02 0.82 0.18
Car 0.0 0 -2.62 722.21 179.59 800.81 236.85 1.53 1.63 3.88 0.15 0.81 1.02 -2.41 0.16
Car 0.0 0 -0.52 456.53 182.89 520.26 230.94 1.53 1.63 3.88 -0.23 0.81 1.02 -0.69 0.15
Car 0.0 0 -2.62 489.37 182.18 541.77 216.27 1.53 1.63 3.88 -0.19 0.79 1.02 -2.75 0.13
Car 0.0 0 -2.62 687.12 176.41 731.84 212.42 1.53 1.63 3.88 0.08 0.79 1.02 -2.48 0.13
Car 0.0 0 -2.62 696.13 180.01 769.87 226.26 1.53 1.63 3.88 0.11 0.80 1.02 -2.45 0.13
Car 0.0 0 -2.62 752.65 183.57 869.37 257.22 1.53 1.63 3.88 0.22 0.82 1.02 -2.35 0.11
Car 0.0 0 1.05 810.69 171.19 1086.99 345.69 1.53 1.63 3.88 0.37 0.86 1.02 1.49 0.11
Car 0.0 0 -2.62 655.56 174.35 698.43 207.28 1.53 1.63 3.88 0.03 0.78 1.02 -2.52 0.09
