Car 0.0 0 -2.62 599.20 173.19 636.85 202.93 1.53 1.63 3.88 -0.05 0.77 1.04 -2.60 0.19
Car 0.0 0 -2.62 544.32 171.95 589.96 211.25 1.53 1.63 3.88 -0.12 0.78 1.04 -2.67 0.17
Car 0.0 0 -0.52 888.67 184.28 1024.75 242.05 1.53 1.63 3.88 0.46 0.80 1.04 -0.06 0.12
Car 0.0 0 -0.52 1025.07 185.40 1140.31 231.22 1.53 1.63 3.88 0.64 0.80 1.04 0.07 0.12
Pedestrian 0.0 0 -2.62 289.15 153.70 311.23 229.86 1.76 0.66 0.84 -0.51 0.89 1.04 -3.02 0.11
Car 0.0 0 -2.62 433.60 172.32 471.82 202.30 1.53 1.63 3.88 -0.29 0.77 1.04 -2.83 0.11
Pedestrian 0.0 0 1.05 341.96 151.24 404.04 291.68 1.76 0.66 0.84 -0.41 0.93 1.04 0.73 0.10
Pedestrian 0.0 0 -2.09 235.12 146.90 258.35 213.25 1.76 0.66 0.84 -0.59 0.88 1.04 -2.56 0.09
Pedestrian 0.0 0 -2.09 259.71 148.56 279.62 211.16 1.76 0.66 0.84 -0.56 0.88 1.04 -2.54 0.09
Pedestrian 0.0 0 -2.62 189.10 144.93 212.57 215.11 1.76 0.66 0.84 -0.66 0.88 1.04 -3.14 0.08
Car 0.0 0 -2.62 978.44 184.44 1068.00 230.66 1.53 1.63 3.88 0.55 0.80 1.04 -2.08 0.07
Cyclist 0.0 0 -2.62 289.15 153.70 311.23 229.86 1.74 0.60 1.76 -0.51 0.88 1.04 -3.02 0.07
