Car 0.0 0 -2.62 552.88 174.70 590.75 204.33 1.53 1.63 3.88 -0.12 0.78 1.02 -2.67 0.17
Car 0.0 0 1.05 591.49 180.77 661.57 242.15 1.53 1.63 3.88 -0.04 0.81 1.02 1.07 0.17
Car 0.0 0 -2.62 451.69 181.15 488.81 207.82 1.53 1.63 3.88 -0.26 0.79 1.02 -2.81 0.14
Car 0.0 0 1.05 715.66 176.01 893.32 261.52 1.53 1.63 3.88 0.22 0.82 1.02 1.31 0.14
Car 0.0 0 -2.62 257.72 183.75 364.80 233.65 1.53 1.63 3.88 -0.48 0.81 1.02 -3.01 0.12
Car 0.0 0 -2.62 383.26 184.44 460.87 231.16 1.53 1.63 3.88 -0.33 0.81 1.02 -2.87 0.12
Car 0.0 0 -2.62 313.36 184.43 377.05 221.09 1.53 1.63 3.88 -0.44 0.80 1.02 -2.97 0.10
Car 0.0 0 -2.62 153.67 187.03 242.93 225.80 1.53 1.63 3.88 -0.65 0.81 1.02 -3.14 0.09
Car 0.0 0 -2.62 428.82 180.84 479.95 216.38 1.53 1.63 3.88 -0.28 0.79 1.02 -2.83 0.09
Car 0.0 0 -2.62 634.63 177.82 663.90 201.38 1.53 1.63 3.88 -0.01 0.78 1.02 -2.56 0.08
