Car 0.0 0 -2.62 483.72 179.70 520.09 207.65 1.53 1.63 3.88 -0.22 0.79 1.02 -2.77 0.19
Car 0.0 0 -2.62 645.61 175.47 692.49 213.57 1.53 1.63 3.88 0.02 0.79 1.02 -2.54 0.18
Car 0.0 0 1.05 353.33 186.76 473.89 266.23 1.53 1.63 3.88 -0.33 0.83 1.02 0.78 0.15
Car 0.0 0 1.05 150.75 186.06 431.49 354.73 1.53 1.63 3.88 -0.47 0.87 1.02 0.63 0.14
Car 0.0 0 -2.62 677.34 167.21 738.16 206.11 1.53 1.63 3.88 0.08 0.78 1.02 -2.48 0.11
Car 0.0 0 -2.62 728.15 162.18 833.03 204.43 1.53 1.63 3.88 0.18 0.77 1.02 -2.39 0.10
Car 0.0 0 1.05 396.59 189.53 481.44 252.64 1.53 1.63 3.88 -0.30 0.82 1.02 0.82 0.10
Car 0.0 0 -2.62 439.09 179.57 492.53 218.12 1.53 1.63 3.88 -0.27 0.79 1.02 -2.81 0.09
Car 0.0 0 1.05 -116.41 209.02 154.13 374.69 1.53 1.63 3.88 -0.86 0.91 1.02 0.36 0.08
Car 0.0 0 -0.52 926.03 151.59 1001.88 181.46 1.53 1.63 3.88 0.44 0.75 1.02 -0.07 0.07
