Car 0.0 0 -2.62 482.39 173.40 530.05 207.75 1.53 1.63 3.88 -0.21 0.78 1.02 -2.76 0.19
Car 0.0 0 1.05 683.05 172.52 780.13 256.01 1.53 1.63 3.88 0.11 0.81 1.02 1.21 0.18
Car 0.0 0 -2.62 631.12 178.79 678.06 209.62 1.53 1.63 3.88 -0.00 0.79 1.02 -2.56 0.14
Car 0.0 0 -2.62 451.27 175.34 504.36 214.72 1.53 1.63 3.88 -0.25 0.79 1.02 -2.80 0.14
Car 0.0 0 -2.62 652.40 180.42 704.24 217.06 1.53 1.63 3.88 0.03 0.79 1.02 -2.52 0.11
Car 0.0 0 -2.62 623.82 176.74 663.07 204.20 1.53 1.63 3.88 -0.02 0.78 1.02 -2.57 0.11
Car 0.0 0 1.05 -67.06 197.37 261.23 394.54 1.53 1.63 3.88 -0.74 0.91 1.02 0.43 0.08
Car 0.0 0 1.05 -73.60 200.91 252.83 398.43 1.53 1.63 3.88 -0.75 0.91 1.02 0.42 0.08
Car 0.0 0 -0.52 291.72 168.48 445.09 253.95 1.53 1.63 3.88 -0.39 0.81 1.02 -0.85 0.08
Car 0.0 0 -2.62 301.64 167.05 428.90 233.84 1.53 1.63 3.88 -0.41 0.79 1.02 -2.94 0.08
Car 0.0 0 -2.62 511.49 174.16 546.22 198.14 1.53 1.63 3.88 -0.18 0.78 1.02 -2.73 0.07
Car 0.0 0 -2.62 357.41 171.42 472.63 219.28 1.53 1.63 3.88 -0.34 0.79 1.02 -2.88 0.07
