Car 0.0 0 -2.62 520.94 182.63 560.96 212.44 1.53 1.63 3.88 -0.16 0.79 1.02 -2.71 0.19
Car 0.0 0 1.05 415.48 171.56 522.37 249.02 1.53 1.63 3.88 -0.26 0.81 1.02 0.85 0.16
Car 0.0 0 -2.62 537.18 173.44 574.82 200.48 1.53 1.63 3.88 -0.14 0.78 1.02 -2.69 0.14
Car 0.0 0 1.05 318.23 194.34 476.80 305.29 1.53 1.63 3.88 -0.34 0.86 1.02 0.76 0.13
Car 0.0 0 -2.62 616.79 179.76 660.45 208.56 1.53 1.63 3.88 -0.02 0.79 1.02 -2.58 0.12
Car 0.0 0 -2.62 636.85 179.88 720.05 226.09 1.53 1.63 3.88 0.03 0.80 1.02 -2.52 0.11
Pedestrian 0.0 0 1.05 954.67 164.32 1044.93 366.42 1.76 0.66 0.84 0.49 1.00 1.02 1.54 0.09
Car 0.0 0 1.05 487.87 185.28 543.65 229.28 1.53 1.63 3.88 -0.19 0.81 1.02 0.92 0.09
Car 0.0 0 1.05 83.21 193.94 326.04 338.92 1.53 1.63 3.88 -0.60 0.87 1.02 0.54 0.08
Car 0.0 0 1.05 673.25 191.63 779.01 257.06 1.53 1.63 3.88 0.10 0.83 1.02 1.21 0.08
