Pedestrian 0.0 0 1.05 702.62 165.25 772.75 366.63 1.76 0.66 0.84 0.13 1.00 1.04 1.23 0.25
Pedestrian 0.0 0 1.05 769.36 158.83 842.41 341.66 1.76 0.66 0.84 0.23 0.97 1.04 1.33 0.20
Pedestrian 0.0 0 1.05 542.09 131.67 579.98 246.82 1.76 0.66 0.84 -0.13 0.89 1.04 0.99 0.14
Pedestrian 0.0 0 1.05 626.74 135.42 655.25 226.26 1.76 0.66 0.84 -0.01 0.88 1.04 1.10 0.14
Pedestrian 0.0 0 1.05 591.56 135.08 629.14 242.79 1.76 0.66 0.84 -0.06 0.89 1.04 1.06 0.12
Pedestrian 0.0 0 1.05 517.69 137.76 557.00 248.02 1.76 0.66 0.84 -0.17 0.89 1.04 0.95 0.11
Pedestrian 0.0 0 1.05 471.26 135.69 496.47 217.18 1.76 0.66 0.84 -0.24 0.87 1.04 0.88 0.11
Cyclist 0.0 0 1.05 702.62 165.25 772.75 366.63 1.74 0.60 1.76 0.13 0.98 1.04 1.23 0.10
Pedestrian 0.0 0 1.05 502.37 136.26 526.63 216.37 1.76 0.66 0.84 -0.20 0.87 1.04 0.92 0.09
Pedestrian 0.0 0 1.05 413.26 138.53 431.92 205.71 1.76 0.66 0.84 -0.33 0.87 1.04 0.80 0.08
Cyclist 0.0 0 -2.62 626.74 135.42 655.25 226.26 1.74 0.60 1.76 -0.01 0.86 1.04 -2.57 0.08
Cyclist 0.0 0 1.05 771.21 158.16 840.59 334.07 1.74 0.60 1.76 0.23 0.95 1.04 1.33 0.08
Pedestrian 0.0 0 1.05 271.90 135.19 320.83 259.38 1.76 0.66 0.84 -0.52 0.90 1.04 0.64 0.07
