Car 0.0 0 1.05 771.51 157.08 1012.82 306.20 1.53 1.63 3.88 0.37 0.82 1.02 1.42 0.20
Car 0.0 0 1.05 390.09 182.21 468.78 241.61 1.53 1.63 3.88 -0.32 0.81 1.02 0.80 0.19
Car 0.0 0 1.05 591.16 181.08 659.52 242.29 1.53 1.63 3.88 -0.04 0.81 1.02 1.07 0.19
Car 0.0 0 -2.62 499.12 182.60 541.96 212.88 1.53 1.63 3.88 -0.19 0.79 1.02 -2.74 0.17
Car 0.0 0 -2.62 301.05 182.36 376.96 233.96 1.53 1.63 3.88 -0.44 0.81 1.02 -2.98 0.17
Car 0.0 0 1.05 198.58 188.45 322.59 255.65 1.53 1.63 3.88 -0.55 0.82 1.02 0.60 0.14
Car 0.0 0 -2.62 674.79 179.27 741.59 218.68 1.53 1.63 3.88 0.08 0.79 1.02 -2.48 0.12
Car 0.0 0 -2.62 691.08 181.82 798.18 232.69 1.53 1.63 3.88 0.13 0.81 1.02 -2.43 0.10
Car 0.0 0 -2.62 473.80 182.75 530.24 212.79 1.53 1.63 3.88 -0.22 0.79 1.02 -2.77 0.10
Car 0.0 0 -2.62 565.36 176.82 593.70 202.66 1.53 1.63 3.88 -0.11 0.78 1.02 -2.66 0.09
Car 0.0 0 -2.62 653.00 178.15 677.05 201.90 1.53 1.63 3.88 0.01 0.78 1.02 -2.54 0.09
Car 0.0 0 -2.62 717.39 181.23 813.10 224.22 1.53 1.63 3.88 0.16 0.80 1.02 -2.41 0.08
