Car 0.0 0 -2.62 587.40 188.76 640.75 232.64 1.53 1.63 3.88 -0.06 0.81 1.02 -2.61 0.20
Car 0.0 0 -2.62 1086.80 183.85 1127.42 211.57 1.53 1.63 3.88 0.64 0.79 1.02 -2.01 0.14
Car 0.0 0 -2.62 503.02 177.69 561.56 220.18 1.53 1.63 3.88 -0.17 0.79 1.02 -2.72 0.14
Car 0.0 0 1.05 377.52 185.66 476.55 248.89 1.53 1.63 3.88 -0.32 0.82 1.02 0.80 0.11
Car 0.0 0 1.05 456.57 176.38 526.36 232.55 1.53 1.63 3.88 -0.23 0.80 1.02 0.88 0.10
Pedestrian 0.0 0 1.05 881.29 160.70 961.70 368.82 1.76 0.66 0.84 0.38 1.00 1.02 1.46 0.10
Car 0.0 0 -0.52 321.22 186.28 474.98 255.06 1.53 1.63 3.88 -0.35 0.82 1.02 -0.81 0.09
Car 0.0 0 -2.62 389.06 169.35 520.20 232.21 1.53 1.63 3.88 -0.28 0.79 1.02 -2.83 0.09
Car 0.0 0 -2.62 1202.36 188.75 1238.64 215.13 1.53 1.63 3.88 0.80 0.80 1.02 -1.92 0.08
Car 0.0 0 -2.62 545.43 182.63 574.39 204.84 1.53 1.63 3.88 -0.13 0.79 1.02 -2.69 0.08
Car 0.0 0 -0.52 -40.72 180.36 103.76 255.49 1.53 1.63 3.88 -0.87 0.82 1.02 -1.20 0.07
