Car 0.0 0 -2.62 500.23 182.38 543.71 212.74 1.53 1.63 3.88 -0.19 0.79 1.02 -2.74 0.19
Car 0.0 0 1.05 582.96 179.87 695.22 283.39 1.53 1.63 3.88 -0.02 0.83 1.02 1.09 0.19
Car 0.0 0 -2.62 391.26 181.12 449.27 216.42 1.53 1.63 3.88 -0.33 0.79 1.02 -2.87 0.16
Car 0.0 0 -2.62 346.90 187.04 420.06 226.57 1.53 1.63 3.88 -0.38 0.81 1.02 -2.92 0.15
Car 0.0 0 -2.62 449.18 181.72 501.16 206.29 1.53 1.63 3.88 -0.26 0.79 1.02 -2.80 0.11
Car 0.0 0 -2.62 717.59 174.85 844.49 233.96 1.53 1.63 3.88 0.19 0.80 1.02 -2.38 0.11
Car 0.0 0 -2.62 712.63 176.69 828.53 231.42 1.53 1.63 3.88 0.17 0.80 1.02 -2.40 0.11
Car 0.0 0 1.05 162.98 188.42 347.51 296.27 1.53 1.63 3.88 -0.54 0.84 1.02 0.59 0.11
Car 0.0 0 -2.62 679.53 180.04 759.10 216.86 1.53 1.63 3.88 0.09 0.79 1.02 -2.47 0.11
Car 0.0 0 -2.62 557.98 173.83 585.69 198.02 1.53 1.63 3.88 -0.12 0.78 1.02 -2.67 0.09
Car 0.0 0 1.05 -9.50 200.58 210.59 293.54 1.53 1.63 3.88 -0.77 0.86 1.02 0.43 0.08
