Car 0.0 0 -2.62 586.50 176.62 619.69 204.52 1.53 1.63 3.88 -0.07 0.78 1.02 -2.63 0.20
Car 0.0 0 -2.62 372.58 187.95 433.42 225.77 1.53 1.63 3.88 -0.35 0.81 1.02 -2.90 0.19
Car 0.0 0 -2.62 418.33 184.45 467.84 219.58 1.53 1.63 3.88 -0.30 0.80 1.02 -2.84 0.17
Car 0.0 0 -2.62 672.89 177.73 749.13 237.76 1.53 1.63 3.88 0.08 0.81 1.02 -2.48 0.16
Car 0.0 0 -2.62 636.30 174.77 679.18 205.41 1.53 1.63 3.88 0.00 0.78 1.02 -2.55 0.13
Car 0.0 0 -2.62 316.62 194.61 400.94 237.24 1.53 1.63 3.88 -0.41 0.82 1.02 -2.95 0.11
Car 0.0 0 -2.62 657.67 179.55 706.94 218.53 1.53 1.63 3.88 0.04 0.79 1.02 -2.52 0.10
Pedestrian 0.0 0 -2.09 767.02 173.79 788.90 237.73 1.76 0.66 0.84 0.17 0.92 1.02 -1.87 0.09
Car 0.0 0 1.05 800.68 195.63 1121.12 386.71 1.53 1.63 3.88 0.38 0.91 1.02 1.50 0.09
Car 0.0 0 1.05 807.31 191.07 1167.57 401.59 1.53 1.63 3.88 0.42 0.91 1.02 1.53 0.07
