Car 0.0 0 -2.62 584.04 178.62 642.48 227.58 1.53 1.63 3.88 -0.06 0.80 1.02 -2.61 0.23
Car 0.0 0 -2.62 535.44 172.65 575.94 199.39 1.53 1.63 3.88 -0.14 0.78 1.02 -2.69 0.11
Car 0.0 0 -2.62 515.82 170.23 564.33 203.21 1.53 1.63 3.88 -0.16 0.78 1.02 -2.71 0.10
Car 0.0 0 -0.52 309.25 174.77 458.58 270.61 1.53 1.63 3.88 -0.38 0.82 1.02 -0.83 0.10
Car 0.0 0 1.05 178.37 176.16 398.79 287.91 1.53 1.63 3.88 -0.51 0.83 1.02 0.63 0.10
Car 0.0 0 -2.62 391.51 175.27 513.54 224.69 1.53 1.63 3.88 -0.28 0.79 1.02 -2.83 0.10
Car 0.0 0 -2.62 746.43 172.95 777.90 199.02 1.53 1.63 3.88 0.15 0.78 1.02 -2.41 0.09
Car 0.0 0 -2.62 632.90 168.66 659.28 195.47 1.53 1.63 3.88 -0.01 0.77 1.02 -2.57 0.09
Car 0.0 0 1.05 802.36 159.56 1121.57 353.07 1.53 1.63 3.88 0.38 0.86 1.02 1.50 0.08
Car 0.0 0 -2.62 456.29 176.23 521.34 222.28 1.53 1.63 3.88 -0.23 0.79 1.02 -2.78 0.08
