Car 0.0 0 1.05 584.40 182.09 651.18 240.24 1.53 1.63 3.88 -0.05 0.81 1.02 1.06 0.21
Car 0.0 0 1.05 721.92 183.24 804.31 249.60 1.53 1.63 3.88 0.15 0.82 1.02 1.26 0.18
Car 0.0 0 -2.62 692.19 173.88 757.89 224.60 1.53 1.63 3.88 0.10 0.79 1.02 -2.46 0.14
Car 0.0 0 -2.62 528.56 175.51 568.41 204.03 1.53 1.63 3.88 -0.15 0.78 1.02 -2.70 0.13
Car 0.0 0 1.05 313.15 177.20 451.09 269.11 1.53 1.63 3.88 -0.38 0.82 1.02 0.74 0.11
Car 0.0 0 -2.62 554.38 165.83 597.60 191.86 1.53 1.63 3.88 -0.11 0.77 1.02 -2.66 0.11
Car 0.0 0 1.05 172.69 160.78 435.36 330.75 1.53 1.63 3.88 -0.53 0.84 1.02 0.65 0.10
Car 0.0 0 -2.62 667.49 170.65 702.47 202.67 1.53 1.63 3.88 0.04 0.78 1.02 -2.51 0.10
Car 0.0 0 -2.62 508.31 174.22 566.10 206.40 1.53 1.63 3.88 -0.17 0.78 1.02 -2.72 0.09
Car 0.0 0 -2.62 391.60 182.94 499.03 233.41 1.53 1.63 3.88 -0.29 0.81 1.02 -2.84 0.08
Car 0.0 0 -2.62 446.10 176.56 532.26 223.61 1.53 1.63 3.88 -0.23 0.79 1.02 -2.78 0.07
