Car 0.0 0 -2.62 556.89 180.41 600.60 213.83 1.53 1.63 3.88 -0.10 0.78 1.03 -2.65 0.22
Pedestrian 0.0 0 1.05 420.17 160.59 459.48 276.70 1.76 0.66 0.84 -0.30 0.93 1.03 0.83 0.14
Pedestrian 0.0 0 1.05 729.16 168.36 775.64 300.77 1.76 0.66 0.84 0.15 0.95 1.03 1.26 0.12
Pedestrian 0.0 0 1.05 805.57 161.13 838.71 259.11 1.76 0.66 0.84 0.25 0.92 1.03 1.35 0.11
Pedestrian 0.0 0 1.05 757.74 160.28 793.76 268.12 1.76 0.66 0.84 0.19 0.92 1.03 1.29 0.11
Pedestrian 0.0 0 1.05 702.32 168.83 755.21 300.68 1.76 0.66 0.84 0.12 0.95 1.03 1.22 0.10
Pedestrian 0.0 0 1.05 780.98 161.66 809.25 249.85 1.76 0.66 0.84 0.21 0.91 1.03 1.31 0.10
Pedestrian 0.0 0 1.05 832.56 163.39 873.64 264.98 1.76 0.66 0.84 0.30 0.92 1.03 1.39 0.08
Pedestrian 0.0 0 -2.09 644.47 165.78 674.53 245.59 1.76 0.66 0.84 0.02 0.91 1.03 -2.01 0.08
Pedestrian 0.0 0 1.05 677.23 171.78 727.88 273.51 1.76 0.66 0.84 0.08 0.93 1.03 1.19 0.08
