Car 0.0 0 -2.62 641.47 175.22 688.62 214.30 1.53 1.63 3.88 0.01 0.79 1.02 -2.54 0.19
Car 0.0 0 -2.62 485.24 179.85 519.24 207.04 1.53 1.63 3.88 -0.22 0.79 1.02 -2.77 0.17
Car 0.0 0 1.05 217.74 186.62 453.13 332.06 1.53 1.63 3.88 -0.41 0.86 1.02 0.68 0.16
Car 0.0 0 1.05 388.28 188.95 489.82 253.01 1.53 1.63 3.88 -0.30 0.82 1.02 0.82 0.13
Car 0.0 0 1.05 413.13 190.30 491.62 249.65 1.53 1.63 3.88 -0.28 0.82 1.02 0.83 0.13
Car 0.0 0 1.05 -35.43 204.10 215.90 354.31 1.53 1.63 3.88 -0.76 0.89 1.02 0.42 0.10
Car 0.0 0 1.05 -21.41 199.89 235.16 349.60 1.53 1.63 3.88 -0.74 0.88 1.02 0.44 0.10
Car 0.0 0 -2.62 675.13 166.32 739.38 207.05 1.53 1.63 3.88 0.08 0.78 1.02 -2.48 0.09
Car 0.0 0 -2.62 985.36 141.44 1073.06 176.94 1.53 1.63 3.88 0.53 0.74 1.02 -2.09 0.08
Car 0.0 0 -0.52 916.14 151.74 988.07 181.03 1.53 1.63 3.88 0.42 0.75 1.02 -0.08 0.08
Car 0.0 0 -2.62 719.89 162.93 818.66 202.78 1.53 1.63 3.88 0.16 0.77 1.02 -2.40 0.08
Car 0.0 0 1.05 38.93 198.76 279.74 337.05 1.53 1.63 3.88 -0.67 0.88 1.02 0.49 0.08
