Pedestrian 0.0 0 1.05 379.44 133.39 475.64 391.01 1.76 0.66 0.84 -0.31 0.98 1.03 0.81 0.22
Car 0.0 0 -2.62 560.12 167.84 597.33 196.85 1.53 1.63 3.88 -0.10 0.76 1.03 -2.65 0.15
Pedestrian 0.0 0 -2.09 638.16 151.61 673.63 253.36 1.76 0.66 0.84 0.01 0.91 1.03 -2.02 0.12
Pedestrian 0.0 0 -2.09 678.97 157.61 710.55 246.61 1.76 0.66 0.84 0.07 0.91 1.03 -1.96 0.11
Pedestrian 0.0 0 1.05 705.43 158.64 738.21 245.45 1.76 0.66 0.84 0.11 0.91 1.03 1.21 0.10
Car 0.0 0 -2.62 518.26 163.77 566.09 201.38 1.53 1.63 3.88 -0.15 0.76 1.03 -2.70 0.09
Pedestrian 0.0 0 1.05 318.61 159.05 435.83 442.73 1.76 0.66 0.84 -0.38 1.04 1.03 0.75 0.09
Pedestrian 0.0 0 -2.09 485.55 156.15 508.61 223.33 1.76 0.66 0.84 -0.21 0.89 1.03 -2.24 0.09
Pedestrian 0.0 0 1.05 754.52 148.76 773.78 222.84 1.76 0.66 0.84 0.17 0.88 1.03 1.27 0.08
Pedestrian 0.0 0 1.05 728.41 148.84 753.33 231.01 1.76 0.66 0.84 0.14 0.89 1.03 1.24 0.08
