Car 0.0 0 1.05 355.60 188.14 437.92 244.68 1.53 1.63 3.88 -0.36 0.82 1.02 0.76 0.17
Car 0.0 0 1.05 571.51 173.97 716.03 309.95 1.53 1.63 3.88 -0.01 0.84 1.02 1.09 0.16
Car 0.0 0 -2.62 458.19 180.22 499.32 206.99 1.53 1.63 3.88 -0.25 0.79 1.02 -2.80 0.15
Car 0.0 0 -2.62 402.07 177.83 453.37 211.89 1.53 1.63 3.88 -0.32 0.79 1.02 -2.86 0.13
Car 0.0 0 -2.62 718.67 171.81 837.92 228.77 1.53 1.63 3.88 0.18 0.79 1.02 -2.39 0.11
Car 0.0 0 -2.62 714.29 174.17 807.54 225.35 1.53 1.63 3.88 0.15 0.79 1.02 -2.41 0.11
Car 0.0 0 1.05 22.69 196.17 223.33 283.41 1.53 1.63 3.88 -0.73 0.84 1.02 0.45 0.10
Car 0.0 0 -2.62 231.67 183.86 312.84 221.12 1.53 1.63 3.88 -0.54 0.80 1.02 -3.06 0.10
Car 0.0 0 -2.62 525.55 180.50 564.66 206.31 1.53 1.63 3.88 -0.16 0.79 1.02 -2.71 0.10
Car 0.0 0 -2.62 685.58 178.42 754.37 210.82 1.53 1.63 3.88 0.09 0.79 1.02 -2.47 0.09
Car 0.0 0 -2.62 685.93 178.15 738.96 210.97 1.53 1.63 3.88 0.08 0.79 1.02 -2.48 0.09
Car 0.0 0 -2.62 336.73 183.26 402.41 213.33 1.53 1.63 3.88 -0.40 0.79 1.02 -2.94 0.07
