Pedestrian 0.0 0 1.05 895.58 133.37 990.89 369.34 1.76 0.66 0.84 0.43 0.97 1.04 1.49 0.16
Pedestrian 0.0 0 1.05 885.04 140.45 970.49 360.68 1.76 0.66 0.84 0.41 0.97 1.04 1.48 0.16
Pedestrian 0.0 0 1.05 913.62 142.90 995.88 343.00 1.76 0.66 0.84 0.45 0.96 1.04 1.51 0.15
Pedestrian 0.0 0 1.05 621.84 152.77 667.46 288.66 1.76 0.66 0.84 -0.01 0.93 1.04 1.10 0.15
Pedestrian 0.0 0 1.05 579.19 151.13 626.80 282.69 1.76 0.66 0.84 -0.07 0.93 1.04 1.05 0.14
Pedestrian 0.0 0 1.05 664.94 148.64 731.10 311.11 1.76 0.66 0.84 0.07 0.94 1.04 1.18 0.13
Pedestrian 0.0 0 1.05 1151.26 136.61 1247.41 364.97 1.76 0.66 0.84 0.81 0.97 1.04 1.75 0.11
Pedestrian 0.0 0 -2.09 253.55 146.18 278.31 214.13 1.76 0.66 0.84 -0.56 0.88 1.04 -2.54 0.10
Pedestrian 0.0 0 1.05 687.25 147.08 724.88 253.89 1.76 0.66 0.84 0.08 0.91 1.04 1.19 0.09
Pedestrian 0.0 0 -2.62 492.92 164.54 513.27 226.11 1.76 0.66 0.84 -0.22 0.90 1.04 -2.76 0.09
Car 0.0 0 -2.62 432.97 171.52 472.04 203.53 1.53 1.63 3.88 -0.29 0.77 1.04 -2.83 0.09
Pedestrian 0.0 0 -2.62 528.12 162.23 553.39 228.83 1.76 0.66 0.84 -0.16 0.90 1.04 -2.71 0.09
Car 0.0 0 -2.62 527.71 168.56 559.45 200.40 1.53 1.63 3.88 -0.15 0.76 1.04 -2.70 0.08
