Car 0.0 0 -2.62 414.00 183.18 479.35 231.46 1.53 1.63 3.88 -0.29 0.81 1.02 -2.84 0.22
Car 0.0 0 -2.62 522.70 180.27 559.09 207.44 1.53 1.63 3.88 -0.16 0.79 1.02 -2.71 0.19
Car 0.0 0 1.05 587.21 181.36 654.33 242.31 1.53 1.63 3.88 -0.05 0.81 1.02 1.06 0.16
Car 0.0 0 -2.62 352.71 185.16 424.41 221.13 1.53 1.63 3.88 -0.38 0.80 1.02 -2.92 0.13
Car 0.0 0 -2.62 456.46 182.61 501.18 213.78 1.53 1.63 3.88 -0.25 0.79 1.02 -2.80 0.12
Car 0.0 0 -2.62 681.78 181.21 772.15 225.94 1.53 1.63 3.88 0.10 0.80 1.02 -2.46 0.12
Car 0.0 0 -2.62 720.26 179.91 865.06 256.30 1.53 1.63 3.88 0.21 0.82 1.02 -2.37 0.12
Car 0.0 0 -2.62 215.28 183.55 323.80 240.52 1.53 1.63 3.88 -0.54 0.81 1.02 -3.06 0.11
Car 0.0 0 1.05 19.14 187.00 296.75 346.42 1.53 1.63 3.88 -0.67 0.87 1.02 0.49 0.08
Car 0.0 0 -2.62 476.88 182.83 511.07 205.49 1.53 1.63 3.88 -0.23 0.79 1.02 -2.78 0.08
Car 0.0 0 -2.62 637.87 178.30 661.44 201.70 1.53 1.63 3.88 -0.01 0.78 1.02 -2.56 0.08
