Car 0.0 0 -2.62 550.52 171.63 590.24 200.99 1.53 1.63 3.88 -0.11 0.77 1.03 -2.66 0.18
Pedestrian 0.0 0 -2.09 673.55 157.21 708.12 255.48 1.76 0.66 0.84 0.06 0.91 1.03 -1.97 0.12
Pedestrian 0.0 0 1.05 704.04 156.27 739.34 256.48 1.76 0.66 0.84 0.11 0.91 1.03 1.21 0.12
Pedestrian 0.0 0 -2.09 635.87 159.95 668.89 252.45 1.76 0.66 0.84 0.01 0.91 1.03 -2.02 0.12
Pedestrian 0.0 0 1.05 159.59 196.89 254.02 426.38 1.76 0.66 0.84 -0.63 1.06 1.03 0.55 0.10
Pedestrian 0.0 0 1.05 462.40 157.37 485.86 230.18 1.76 0.66 0.84 -0.25 0.90 1.03 0.87 0.10
Pedestrian 0.0 0 1.05 272.50 139.81 396.71 431.33 1.76 0.66 0.84 -0.44 1.02 1.03 0.69 0.09
Pedestrian 0.0 0 1.05 264.94 132.49 389.00 377.36 1.76 0.66 0.84 -0.46 0.97 1.03 0.68 0.08
Pedestrian 0.0 0 1.05 748.53 149.64 772.01 230.11 1.76 0.66 0.84 0.16 0.89 1.03 1.27 0.08
Pedestrian 0.0 0 1.05 77.61 180.84 158.44 370.05 1.76 0.66 0.84 -0.75 1.01 1.03 0.46 0.08
