Car 0.0 0 -2.62 599.55 173.11 636.84 202.81 1.53 1.63 3.88 -0.05 0.77 1.04 -2.60 0.20
Car 0.0 0 -2.62 1028.40 185.18 1144.62 231.39 1.53 1.63 3.88 0.64 0.80 1.04 -2.02 0.11
Car 0.0 0 -2.62 948.41 183.84 1061.10 233.12 1.53 1.63 3.88 0.53 0.80 1.04 -2.10 0.10
Pedestrian 0.0 0 -2.62 246.36 144.97 270.19 215.58 1.76 0.66 0.84 -0.58 0.88 1.04 -3.07 0.10
Pedestrian 0.0 0 1.05 808.38 151.74 847.77 264.92 1.76 0.66 0.84 0.26 0.92 1.04 1.35 0.10
Pedestrian 0.0 0 1.05 829.88 153.87 895.29 305.03 1.76 0.66 0.84 0.31 0.94 1.04 1.40 0.10
Pedestrian 0.0 0 1.05 281.76 149.35 318.71 251.08 1.76 0.66 0.84 -0.51 0.91 1.04 0.64 0.09
Car 0.0 0 -0.52 1107.80 187.32 1212.78 236.78 1.53 1.63 3.88 0.75 0.80 1.04 0.14 0.08
Pedestrian 0.0 0 -2.62 214.33 153.89 240.55 221.50 1.76 0.66 0.84 -0.62 0.89 1.04 -3.11 0.08
Car 0.0 0 -2.62 437.12 167.99 467.82 200.01 1.53 1.63 3.88 -0.29 0.76 1.04 -2.83 0.08
Pedestrian 0.0 0 1.05 323.22 147.25 346.35 220.50 1.76 0.66 0.84 -0.46 0.88 1.04 0.68 0.08
