Car 0.0 0 -2.62 558.98 180.48 620.39 233.48 1.53 1.63 3.88 -0.09 0.81 1.02 -2.65 0.22
Car 0.0 0 -2.62 636.64 179.79 686.51 218.34 1.53 1.63 3.88 0.01 0.79 1.02 -2.55 0.21
Car 0.0 0 1.05 245.73 183.79 492.95 344.25 1.53 1.63 3.88 -0.37 0.87 1.02 0.73 0.17
Car 0.0 0 1.05 714.48 165.90 917.06 323.18 1.53 1.63 3.88 0.21 0.84 1.02 1.33 0.15
Car 0.0 0 -2.62 521.42 179.89 559.62 208.26 1.53 1.63 3.88 -0.16 0.79 1.02 -2.71 0.11
Car 0.0 0 -2.62 150.46 186.23 244.75 227.22 1.53 1.63 3.88 -0.65 0.81 1.02 -3.14 0.10
Car 0.0 0 -2.62 429.24 175.30 512.92 214.83 1.53 1.63 3.88 -0.26 0.79 1.02 -2.81 0.09
Car 0.0 0 -2.62 474.54 173.87 523.83 206.11 1.53 1.63 3.88 -0.22 0.78 1.02 -2.77 0.09
Car 0.0 0 -2.62 373.69 175.76 483.25 222.54 1.53 1.63 3.88 -0.32 0.79 1.02 -2.86 0.09
Car 0.0 0 1.05 159.48 181.90 378.29 338.32 1.53 1.63 3.88 -0.53 0.87 1.02 0.61 0.08
