Pedestrian 0.0 0 1.05 390.58 162.46 428.74 267.52 1.76 0.66 0.84 -0.35 0.94 1.02 0.78 0.12
Pedestrian 0.0 0 1.05 422.17 168.45 452.00 260.37 1.76 0.66 0.84 -0.31 0.94 1.02 0.81 0.11
Pedestrian 0.0 0 1.05 94.39 175.43 197.22 442.26 1.76 0.66 0.84 -0.72 1.06 1.02 0.48 0.10
Car 0.0 0 -2.62 677.65 181.30 723.65 215.44 1.53 1.63 3.88 0.06 0.79 1.02 -2.49 0.09
Pedestrian 0.0 0 1.05 130.95 189.97 221.91 426.20 1.76 0.66 0.84 -0.68 1.06 1.02 0.51 0.09
Pedestrian 0.0 0 -2.62 658.64 168.61 680.65 235.30 1.76 0.66 0.84 0.02 0.92 1.02 -2.53 0.09
Car 0.0 0 1.05 626.44 197.35 673.44 238.50 1.53 1.63 3.88 -0.01 0.82 1.02 1.10 0.09
Car 0.0 0 -2.62 542.48 179.92 570.87 208.01 1.53 1.63 3.88 -0.14 0.79 1.02 -2.69 0.08
Pedestrian 0.0 0 -2.62 481.26 169.15 500.00 218.27 1.76 0.66 0.84 -0.23 0.91 1.02 -2.78 0.08
Pedestrian 0.0 0 1.05 285.39 172.32 338.49 314.27 1.76 0.66 0.84 -0.49 0.97 1.02 0.66 0.07
