Car 0.0 0 -2.62 590.46 174.67 638.02 215.36 1.53 1.63 3.88 -0.06 0.79 1.02 -2.61 0.20
Car 0.0 0 -2.62 514.57 177.46 543.64 202.38 1.53 1.63 3.88 -0.18 0.78 1.02 -2.73 0.13
Car 0.0 0 -2.62 690.08 171.71 786.75 237.99 1.53 1.63 3.88 0.12 0.80 1.02 -2.44 0.12
Car 0.0 0 -2.62 670.52 173.90 731.87 215.68 1.53 1.63 3.88 0.06 0.79 1.02 -2.49 0.10
Car 0.0 0 -2.62 648.81 174.39 706.24 206.71 1.53 1.63 3.88 0.03 0.78 1.02 -2.52 0.10
Car 0.0 0 1.05 703.20 178.34 870.59 257.10 1.53 1.63 3.88 0.20 0.82 1.02 1.29 0.09
Car 0.0 0 1.05 698.72 176.17 901.26 268.94 1.53 1.63 3.88 0.22 0.82 1.02 1.31 0.09
Car 0.0 0 1.05 784.58 164.84 1021.28 278.88 1.53 1.63 3.88 0.37 0.82 1.02 1.43 0.08
Car 0.0 0 1.05 904.67 167.55 1201.00 356.72 1.53 1.63 3.88 0.61 0.86 1.02 1.60 0.08
Car 0.0 0 -2.62 633.95 173.45 682.01 198.64 1.53 1.63 3.88 0.00 0.78 1.02 -2.55 0.07
