Car 0.0 0 -2.62 580.69 183.39 639.17 231.70 1.53 1.63 3.88 -0.06 0.81 1.02 -2.62 0.22
Car 0.0 0 -2.62 639.05 183.20 675.57 212.14 1.53 1.63 3.88 0.00 0.79 1.02 -2.55 0.16
Car 0.0 0 -0.52 181.28 178.50 360.25 276.74 1.53 1.63 3.88 -0.55 0.83 1.02 -0.96 0.15
Car 0.0 0 -2.62 543.61 180.92 576.83 206.64 1.53 1.63 3.88 -0.13 0.79 1.02 -2.69 0.14
Car 0.0 0 1.05 354.04 189.27 529.47 304.24 1.53 1.63 3.88 -0.28 0.85 1.02 0.82 0.13
Car 0.0 0 -2.62 296.10 181.74 335.99 205.78 1.53 1.63 3.88 -0.48 0.79 1.02 -3.00 0.09
Car 0.0 0 -2.62 409.20 177.21 539.23 251.75 1.53 1.63 3.88 -0.24 0.81 1.02 -2.80 0.09
Car 0.0 0 -2.62 372.91 179.50 470.26 246.04 1.53 1.63 3.88 -0.33 0.81 1.02 -2.87 0.08
Car 0.0 0 -2.62 142.57 182.98 239.63 222.46 1.53 1.63 3.88 -0.66 0.80 1.02 3.14 0.08
Car 0.0 0 -2.62 434.87 177.06 534.65 221.98 1.53 1.63 3.88 -0.24 0.79 1.02 -2.79 0.08
