Car 0.0 0 1.05 582.37 170.35 653.78 229.61 1.53 1.63 3.88 -0.05 0.79 1.02 1.06 0.24
Car 0.0 0 -2.62 666.30 158.71 722.32 200.21 1.53 1.63 3.88 0.05 0.77 1.02 -2.50 0.12
Car 0.0 0 -2.62 546.49 151.17 596.28 182.68 1.53 1.63 3.88 -0.12 0.75 1.02 -2.67 0.11
Car 0.0 0 -2.62 512.45 158.34 561.98 190.66 1.53 1.63 3.88 -0.17 0.76 1.02 -2.72 0.10
Car 0.0 0 1.05 386.58 162.64 484.89 233.10 1.53 1.63 3.88 -0.30 0.79 1.02 0.81 0.10
Car 0.0 0 -2.62 627.65 150.50 648.95 173.86 1.53 1.63 3.88 -0.02 0.74 1.02 -2.58 0.10
Car 0.0 0 1.05 194.70 152.33 319.25 219.28 1.53 1.63 3.88 -0.56 0.77 1.02 0.59 0.10
Car 0.0 0 1.05 -46.18 156.85 184.88 251.55 1.53 1.63 3.88 -0.81 0.79 1.02 0.40 0.09
Car 0.0 0 -2.62 686.47 168.88 740.74 213.42 1.53 1.63 3.88 0.08 0.78 1.02 -2.47 0.09
Car 0.0 0 -2.62 462.10 163.36 533.08 211.27 1.53 1.63 3.88 -0.22 0.78 1.02 -2.77 0.08
Car 0.0 0 -2.62 678.02 155.08 745.75 187.19 1.53 1.63 3.88 0.08 0.76 1.02 -2.48 0.08
Pedestrian 0.0 0 1.05 300.59 132.03 385.67 311.79 1.76 0.66 0.84 -0.44 0.94 1.02 0.69 0.07
