Car 0.0 0 1.05 695.61 188.52 776.35 251.89 1.53 1.63 3.88 0.11 0.82 1.02 1.22 0.17
Car 0.0 0 -2.62 496.53 180.14 536.86 207.65 1.53 1.63 3.88 -0.19 0.79 1.02 -2.75 0.13
Car 0.0 0 -2.62 535.57 174.49 569.21 197.31 1.53 1.63 3.88 -0.15 0.78 1.02 -2.70 0.12
Car 0.0 0 -2.62 758.66 188.36 840.62 225.65 1.53 1.63 3.88 0.21 0.81 1.02 -2.36 0.11
Car 0.0 0 -2.62 518.06 173.18 555.24 200.34 1.53 1.63 3.88 -0.17 0.78 1.02 -2.72 0.11
Car 0.0 0 -2.62 420.94 181.78 519.16 223.50 1.53 1.63 3.88 -0.26 0.80 1.02 -2.81 0.10
Car 0.0 0 -2.62 625.78 165.18 675.03 208.37 1.53 1.63 3.88 -0.01 0.78 1.02 -2.56 0.10
Car 0.0 0 -2.62 807.49 184.65 855.74 220.66 1.53 1.63 3.88 0.25 0.80 1.02 -2.32 0.10
Car 0.0 0 -2.62 709.22 181.73 805.86 223.29 1.53 1.63 3.88 0.15 0.80 1.02 -2.42 0.08
Car 0.0 0 -2.62 305.19 177.07 453.23 238.64 1.53 1.63 3.88 -0.39 0.81 1.02 -2.93 0.08
Car 0.0 0 -2.62 388.40 180.66 482.39 224.70 1.53 1.63 3.88 -0.31 0.80 1.02 -2.85 0.08
Car 0.0 0 -2.62 278.94 174.87 456.29 251.56 1.53 1.63 3.88 -0.40 0.81 1.02 -2.94 0.08
