Car 0.0 0 -2.62 587.98 175.16 646.63 223.77 1.53 1.63 3.88 -0.05 0.79 1.02 -2.61 0.22
Car 0.0 0 1.05 475.76 176.13 559.04 242.84 1.53 1.63 3.88 -0.19 0.81 1.02 0.92 0.17
Car 0.0 0 -2.62 359.67 178.63 453.49 228.40 1.53 1.63 3.88 -0.35 0.80 1.02 -2.89 0.13
Car 0.0 0 -2.62 555.18 169.55 588.80 195.90 1.53 1.63 3.88 -0.12 0.77 1.02 -2.67 0.10
Car 0.0 0 -2.62 639.38 173.10 668.42 198.20 1.53 1.63 3.88 -0.00 0.78 1.02 -2.56 0.09
Car 0.0 0 1.05 258.97 183.37 414.68 259.83 1.53 1.63 3.88 -0.44 0.82 1.02 0.69 0.09
Car 0.0 0 -2.62 419.71 175.35 527.69 222.65 1.53 1.63 3.88 -0.26 0.79 1.02 -2.80 0.09
Car 0.0 0 -2.62 674.93 175.59 763.71 241.94 1.53 1.63 3.88 0.09 0.81 1.02 -2.47 0.09
Car 0.0 0 -2.62 668.77 173.49 717.97 207.70 1.53 1.63 3.88 0.05 0.78 1.02 -2.50 0.08
Car 0.0 0 -2.62 279.81 180.78 329.15 206.22 1.53 1.63 3.88 -0.50 0.79 1.02 -3.02 0.07
