Car 0.0 0 -2.62 463.58 179.54 517.65 219.14 1.53 1.63 3.88 -0.23 0.79 1.02 -2.78 0.19
Car 0.0 0 1.05 587.35 181.01 655.63 242.38 1.53 1.63 3.88 -0.05 0.81 1.02 1.06 0.19
Car 0.0 0 1.05 275.68 185.49 404.40 269.65 1.53 1.63 3.88 -0.43 0.83 1.02 0.69 0.18
Car 0.0 0 1.05 865.18 162.53 1133.08 329.36 1.53 1.63 3.88 0.53 0.84 1.02 1.54 0.14
Car 0.0 0 -2.62 378.96 183.57 436.27 221.11 1.53 1.63 3.88 -0.35 0.80 1.02 -2.89 0.13
Car 0.0 0 -2.62 703.13 181.64 816.54 234.16 1.53 1.63 3.88 0.15 0.81 1.02 -2.41 0.11
Car 0.0 0 -2.62 547.86 177.48 579.49 203.28 1.53 1.63 3.88 -0.13 0.78 1.02 -2.68 0.11
Car 0.0 0 1.05 128.56 187.51 292.62 267.18 1.53 1.63 3.88 -0.61 0.83 1.02 0.54 0.10
Car 0.0 0 -2.62 675.37 180.39 754.54 225.79 1.53 1.63 3.88 0.09 0.80 1.02 -2.47 0.10
Car 0.0 0 -2.62 780.73 194.44 835.15 234.46 1.53 1.63 3.88 0.22 0.82 1.02 -2.35 0.08
