Car 0.0 0 -2.62 375.89 179.32 432.56 226.14 1.53 1.63 3.88 -0.35 0.80 1.02 -2.90 0.19
Car 0.0 0 -2.62 716.51 171.01 773.51 211.20 1.53 1.63 3.88 0.12 0.78 1.02 -2.43 0.17
Car 0.0 0 -2.62 282.81 169.03 357.89 224.19 1.53 1.63 3.88 -0.47 0.79 1.02 -3.00 0.15
Car 0.0 0 -2.62 137.57 183.09 233.50 223.92 1.53 1.63 3.88 -0.66 0.80 1.02 3.13 0.14
Car 0.0 0 -2.62 23.52 187.75 94.43 225.61 1.53 1.63 3.88 -0.84 0.81 1.02 3.01 0.12
Car 0.0 0 -2.62 633.11 159.81 666.81 188.10 1.53 1.63 3.88 -0.01 0.76 1.02 -2.56 0.12
Car 0.0 0 -2.62 31.33 187.53 116.47 225.91 1.53 1.63 3.88 -0.82 0.81 1.02 3.03 0.12
Car 0.0 0 -2.62 773.59 167.41 828.06 206.00 1.53 1.63 3.88 0.21 0.78 1.02 -2.36 0.11
Car 0.0 0 -2.62 589.77 163.49 630.96 194.76 1.53 1.63 3.88 -0.06 0.77 1.02 -2.62 0.11
Car 0.0 0 -2.62 493.35 171.24 533.31 201.22 1.53 1.63 3.88 -0.20 0.78 1.02 -2.75 0.10
