Car 0.0 0 -2.62 469.08 183.54 525.78 221.97 1.53 1.63 3.88 -0.22 0.80 1.02 -2.77 0.20
Car 0.0 0 1.05 739.48 165.46 919.28 280.02 1.53 1.63 3.88 0.27 0.82 1.02 1.34 0.19
Car 0.0 0 -2.62 535.35 180.77 569.72 206.98 1.53 1.63 3.88 -0.15 0.79 1.02 -2.70 0.19
Car 0.0 0 1.05 595.71 184.53 664.52 246.96 1.53 1.63 3.88 -0.03 0.82 1.02 1.08 0.17
Car 0.0 0 1.05 236.49 189.90 383.47 283.61 1.53 1.63 3.88 -0.47 0.84 1.02 0.65 0.14
Car 0.0 0 1.05 96.44 189.80 209.65 242.21 1.53 1.63 3.88 -0.71 0.82 1.02 0.48 0.12
Car 0.0 0 -2.62 346.74 182.02 406.98 224.19 1.53 1.63 3.88 -0.39 0.80 1.02 -2.93 0.11
Car 0.0 0 -2.62 703.39 181.99 797.85 223.04 1.53 1.63 3.88 0.14 0.80 1.02 -2.42 0.09
Car 0.0 0 -2.62 689.67 182.85 765.70 222.69 1.53 1.63 3.88 0.10 0.80 1.02 -2.46 0.09
Car 0.0 0 -2.62 417.08 185.54 470.14 211.69 1.53 1.63 3.88 -0.30 0.79 1.02 -2.84 0.09
Car 0.0 0 -2.62 672.38 184.65 720.82 219.74 1.53 1.63 3.88 0.06 0.80 1.02 -2.50 0.09
Car 0.0 0 -2.62 372.10 185.75 421.76 217.31 1.53 1.63 3.88 -0.37 0.80 1.02 -2.90 0.08
