Car 0.0 0 1.05 581.79 170.86 654.80 237.42 1.53 1.63 3.88 -0.05 0.80 1.02 1.06 0.20
Car 0.0 0 -2.62 690.00 168.33 764.75 223.69 1.53 1.63 3.88 0.10 0.79 1.02 -2.46 0.17
Car 0.0 0 1.05 729.10 132.70 934.04 266.83 1.53 1.63 3.88 0.26 0.78 1.02 1.35 0.14
Car 0.0 0 -2.62 442.21 172.68 476.91 198.20 1.53 1.63 3.88 -0.28 0.78 1.02 -2.82 0.12
Car 0.0 0 1.05 110.14 173.26 281.86 247.92 1.53 1.63 3.88 -0.64 0.81 1.02 0.53 0.12
Car 0.0 0 -2.62 664.14 167.31 713.01 198.25 1.53 1.63 3.88 0.05 0.77 1.02 -2.51 0.10
Car 0.0 0 -2.62 490.60 169.58 521.82 194.96 1.53 1.63 3.88 -0.21 0.77 1.02 -2.76 0.09
Car 0.0 0 1.05 1015.99 152.50 1287.07 336.52 1.53 1.63 3.88 0.74 0.84 1.02 1.69 0.09
Car 0.0 0 -2.62 268.30 177.07 346.33 222.77 1.53 1.63 3.88 -0.49 0.79 1.02 -3.01 0.09
Car 0.0 0 -2.62 640.52 172.23 691.18 199.34 1.53 1.63 3.88 0.01 0.78 1.02 -2.54 0.08
