Car 0.0 0 1.05 732.00 173.41 952.47 324.04 1.53 1.63 3.88 0.23 0.85 1.02 1.36 0.22
Car 0.0 0 -2.62 677.45 171.94 738.49 219.56 1.53 1.63 3.88 0.08 0.79 1.02 -2.48 0.19
Car 0.0 0 -2.62 567.29 166.35 599.35 189.08 1.53 1.63 3.88 -0.10 0.77 1.02 -2.65 0.12
Car 0.0 0 -2.62 488.12 174.95 554.01 205.75 1.53 1.63 3.88 -0.19 0.78 1.02 -2.74 0.12
Car 0.0 0 -2.62 668.30 172.87 721.21 208.94 1.53 1.63 3.88 0.05 0.78 1.02 -2.50 0.11
Car 0.0 0 -2.62 372.13 177.65 462.23 238.94 1.53 1.63 3.88 -0.33 0.81 1.02 -2.88 0.10
Car 0.0 0 -0.52 225.98 183.67 371.76 279.67 1.53 1.63 3.88 -0.49 0.83 1.02 -0.93 0.09
Car 0.0 0 -2.62 511.64 172.28 570.23 200.36 1.53 1.63 3.88 -0.16 0.78 1.02 -2.71 0.09
Car 0.0 0 -2.62 405.69 176.79 501.94 222.50 1.53 1.63 3.88 -0.28 0.79 1.02 -2.83 0.08
Car 0.0 0 -2.62 646.57 161.75 676.70 187.51 1.53 1.63 3.88 0.01 0.76 1.02 -2.55 0.08
Car 0.0 0 -2.62 303.35 178.41 422.96 228.94 1.53 1.63 3.88 -0.41 0.80 1.02 -2.95 0.07
