Car 0.0 0 1.05 589.38 173.42 645.55 224.76 1.53 1.63 3.88 -0.05 0.79 1.02 1.06 0.17
Car 0.0 0 -2.62 299.27 173.72 385.61 226.78 1.53 1.63 3.88 -0.44 0.79 1.02 -2.97 0.16
Car 0.0 0 -2.62 405.17 178.06 451.07 208.97 1.53 1.63 3.88 -0.32 0.79 1.02 -2.86 0.14
Car 0.0 0 -2.62 670.09 157.46 769.74 220.01 1.53 1.63 3.88 0.09 0.78 1.02 -2.47 0.13
Car 0.0 0 1.05 790.15 165.11 1051.23 323.26 1.53 1.63 3.88 0.42 0.84 1.02 1.45 0.12
Car 0.0 0 -2.62 485.76 165.91 526.34 199.33 1.53 1.63 3.88 -0.21 0.77 1.02 -2.76 0.12
Car 0.0 0 -2.62 359.78 176.43 417.17 212.05 1.53 1.63 3.88 -0.38 0.79 1.02 -2.92 0.11
Car 0.0 0 -2.62 440.50 174.41 478.77 197.14 1.53 1.63 3.88 -0.28 0.78 1.02 -2.82 0.10
Car 0.0 0 1.05 758.00 169.75 875.14 266.87 1.53 1.63 3.88 0.23 0.82 1.02 1.33 0.09
Car 0.0 0 -2.62 789.18 165.60 875.10 199.96 1.53 1.63 3.88 0.25 0.77 1.02 -2.32 0.08
Car 0.0 0 -2.62 459.91 174.77 497.39 197.10 1.53 1.63 3.88 -0.25 0.78 1.02 -2.80 0.08
Car 0.0 0 -2.62 637.09 171.95 694.07 200.30 1.53 1.63 3.88 0.01 0.78 1.02 -2.54 0.08
Car 0.0 0 -2.62 661.60 168.60 717.92 205.94 1.53 1.63 3.88 0.05 0.78 1.02 -2.51 0.08
