Car 0.0 0 -2.62 426.32 178.69 488.05 227.72 1.53 1.63 3.88 -0.28 0.80 1.02 -2.83 0.19
Car 0.0 0 -2.62 353.60 194.34 435.65 246.12 1.53 1.63 3.88 -0.37 0.82 1.02 -2.91 0.17
Car 0.0 0 1.05 687.68 173.87 774.52 243.79 1.53 1.63 3.88 0.11 0.81 1.02 1.21 0.16
Car 0.0 0 1.05 218.68 194.11 381.59 288.49 1.53 1.63 3.88 -0.48 0.84 1.02 0.64 0.16
Car 0.0 0 -2.62 554.59 175.09 581.69 197.21 1.53 1.63 3.88 -0.12 0.78 1.02 -2.68 0.14
Car 0.0 0 -2.62 462.04 177.68 510.39 212.34 1.53 1.63 3.88 -0.24 0.79 1.02 -2.79 0.13
Car 0.0 0 -2.62 492.49 180.85 526.12 206.75 1.53 1.63 3.88 -0.21 0.79 1.02 -2.76 0.13
Pedestrian 0.0 0 1.05 106.37 45.15 168.55 209.08 1.76 0.66 0.84 -0.73 0.81 1.02 0.47 0.11
Car 0.0 0 -2.62 525.17 178.56 549.62 200.32 1.53 1.63 3.88 -0.17 0.78 1.02 -2.72 0.10
Car 0.0 0 -2.62 620.65 173.86 654.86 197.89 1.53 1.63 3.88 -0.02 0.78 1.02 -2.58 0.10
