Car 0.0 0 -2.62 651.25 178.83 697.86 218.30 1.53 1.63 3.88 0.03 0.79 1.02 -2.53 0.20
Car 0.0 0 -2.62 482.74 183.88 520.41 211.18 1.53 1.63 3.88 -0.22 0.79 1.02 -2.77 0.18
Car 0.0 0 -2.62 430.79 186.29 484.60 226.91 1.53 1.63 3.88 -0.28 0.81 1.02 -2.83 0.17
Car 0.0 0 1.05 324.27 189.76 462.08 283.65 1.53 1.63 3.88 -0.35 0.84 1.02 0.76 0.14
Car 0.0 0 -2.62 514.43 177.97 544.02 201.29 1.53 1.63 3.88 -0.18 0.78 1.02 -2.73 0.10
Car 0.0 0 -2.62 741.57 164.16 857.89 210.22 1.53 1.63 3.88 0.21 0.78 1.02 -2.36 0.09
Car 0.0 0 -2.62 736.38 164.59 848.29 209.96 1.53 1.63 3.88 0.20 0.78 1.02 -2.37 0.09
Car 0.0 0 -0.52 1047.64 143.07 1127.19 184.07 1.53 1.63 3.88 0.62 0.74 1.02 0.06 0.09
Car 0.0 0 -2.62 980.66 150.92 1025.18 183.42 1.53 1.63 3.88 0.49 0.75 1.02 -2.12 0.08
Car 0.0 0 -0.52 785.39 160.90 947.33 224.09 1.53 1.63 3.88 0.31 0.78 1.02 -0.18 0.08
Car 0.0 0 -2.62 681.93 168.98 750.11 204.52 1.53 1.63 3.88 0.09 0.78 1.02 -2.47 0.08
