Car 0.0 0 1.05 668.77 179.83 731.60 234.33 1.53 1.63 3.88 0.06 0.81 1.02 1.17 0.19
Car 0.0 0 -2.62 486.89 180.10 544.92 225.80 1.53 1.63 3.88 -0.19 0.80 1.02 -2.75 0.17
Car 0.0 0 1.05 382.96 186.07 489.25 258.55 1.53 1.63 3.88 -0.30 0.82 1.02 0.81 0.14
Car 0.0 0 1.05 238.47 188.60 442.26 316.90 1.53 1.63 3.88 -0.41 0.86 1.02 0.69 0.13
Car 0.0 0 -0.52 843.77 170.29 961.83 221.75 1.53 1.63 3.88 0.36 0.79 1.02 -0.14 0.13
Car 0.0 0 -2.62 505.59 170.68 564.73 212.52 1.53 1.63 3.88 -0.17 0.78 1.02 -2.72 0.10
Car 0.0 0 -0.52 935.59 163.51 1071.00 230.00 1.53 1.63 3.88 0.50 0.79 1.02 -0.02 0.09
Car 0.0 0 -2.62 808.64 170.98 907.75 211.76 1.53 1.63 3.88 0.29 0.78 1.02 -2.29 0.08
Car 0.0 0 -2.62 540.38 177.45 571.43 202.77 1.53 1.63 3.88 -0.14 0.78 1.02 -2.69 0.08
Car 0.0 0 -2.62 618.72 171.45 649.72 200.78 1.53 1.63 3.88 -0.03 0.78 1.02 -2.58 0.08
