Pedestrian 0.0 0 1.05 490.06 135.76 548.76 301.09 1.76 0.66 0.84 -0.19 0.93 1.04 0.93 0.21
Pedestrian 0.0 0 1.05 828.84 144.72 897.48 324.28 1.76 0.66 0.84 0.31 0.95 1.04 1.40 0.20
Pedestrian 0.0 0 1.05 678.11 136.41 735.06 299.89 1.76 0.66 0.84 0.08 0.93 1.04 1.19 0.19
Pedestrian 0.0 0 1.05 904.00 140.77 960.04 295.11 1.76 0.66 0.84 0.41 0.93 1.04 1.48 0.18
Pedestrian 0.0 0 1.05 736.94 142.76 806.19 318.20 1.76 0.66 0.84 0.18 0.94 1.04 1.28 0.17
Pedestrian 0.0 0 1.05 559.40 131.30 622.18 289.41 1.76 0.66 0.84 -0.09 0.92 1.04 1.03 0.14
Pedestrian 0.0 0 1.05 533.80 141.68 586.31 292.93 1.76 0.66 0.84 -0.13 0.93 1.04 0.99 0.12
Pedestrian 0.0 0 1.05 626.68 132.25 685.21 279.71 1.76 0.66 0.84 0.01 0.91 1.04 1.12 0.11
Pedestrian 0.0 0 1.05 241.05 130.00 305.78 290.62 1.76 0.66 0.84 -0.55 0.92 1.04 0.61 0.10
Pedestrian 0.0 0 1.05 474.79 134.35 509.73 235.44 1.76 0.66 0.84 -0.23 0.88 1.04 0.89 0.10
Pedestrian 0.0 0 1.05 611.01 137.78 669.78 289.71 1.76 0.66 0.84 -0.01 0.92 1.04 1.10 0.09
Cyclist 0.0 0 1.05 489.42 138.73 549.13 305.76 1.74 0.60 1.76 -0.19 0.92 1.04 0.93 0.09
Cyclist 0.0 0 1.05 828.84 144.72 897.48 324.28 1.74 0.60 1.76 0.31 0.94 1.04 1.40 0.08
Cyclist 0.0 0 1.05 904.00 140.77 960.04 295.11 1.74 0.60 1.76 0.41 0.92 1.04 1.48 0.07
Pedestrian 0.0 0 1.05 1042.13 112.92 1102.94 260.20 1.76 0.66 0.84 0.62 0.88 1.04 1.63 0.07
Pedestrian 0.0 0 1.05 905.95 141.75 995.47 365.92 1.76 0.66 0.84 0.44 0.98 1.04 1.50 0.07
Cyclist 0.0 0 1.05 678.11 136.41 735.06 299.89 1.74 0.60 1.76 0.08 0.92 1.04 1.19 0.07
