Car 0.0 0 1.05 679.01 176.24 764.17 249.13 1.53 1.63 3.88 0.10 0.81 1.02 1.20 0.18
Car 0.0 0 -0.52 908.84 164.07 1052.09 243.05 1.53 1.63 3.88 0.48 0.79 1.02 -0.05 0.15
Car 0.0 0 1.05 451.66 177.56 528.50 232.19 1.53 1.63 3.88 -0.23 0.80 1.02 0.88 0.14
Car 0.0 0 -0.52 234.86 180.35 457.00 319.87 1.53 1.63 3.88 -0.40 0.85 1.02 -0.87 0.13
Car 0.0 0 -2.62 849.66 166.96 981.84 226.98 1.53 1.63 3.88 0.38 0.79 1.02 -2.22 0.11
Car 0.0 0 -2.62 528.86 175.50 567.03 205.16 1.53 1.63 3.88 -0.15 0.78 1.02 -2.70 0.10
Car 0.0 0 -0.52 1035.03 154.57 1200.17 255.87 1.53 1.63 3.88 0.68 0.79 1.02 0.09 0.10
Car 0.0 0 -2.62 486.81 166.35 557.88 218.28 1.53 1.63 3.88 -0.18 0.78 1.02 -2.74 0.09
Car 0.0 0 -2.62 830.96 168.45 947.19 213.83 1.53 1.63 3.88 0.33 0.78 1.02 -2.25 0.08
Car 0.0 0 -2.62 616.34 169.60 652.41 203.17 1.53 1.63 3.88 -0.03 0.78 1.02 -2.58 0.08
