Car 0.0 0 -2.62 582.30 177.44 638.59 228.14 1.53 1.63 3.88 -0.06 0.80 1.02 -2.62 0.22
Car 0.0 0 -2.62 490.93 175.41 535.11 206.00 1.53 1.63 3.88 -0.20 0.78 1.02 -2.75 0.15
Car 0.0 0 -2.62 657.56 178.02 688.00 202.33 1.53 1.63 3.88 0.03 0.78 1.02 -2.53 0.14
Car 0.0 0 -2.62 462.15 176.85 516.56 213.79 1.53 1.63 3.88 -0.23 0.79 1.02 -2.78 0.12
Car 0.0 0 1.05 183.31 165.33 397.95 313.46 1.53 1.63 3.88 -0.50 0.84 1.02 0.63 0.11
Car 0.0 0 1.05 300.01 161.05 474.13 282.86 1.53 1.63 3.88 -0.37 0.82 1.02 0.75 0.11
Car 0.0 0 1.05 172.74 164.93 414.44 323.59 1.53 1.63 3.88 -0.53 0.84 1.02 0.63 0.10
Car 0.0 0 1.05 407.83 176.25 502.45 233.36 1.53 1.63 3.88 -0.28 0.80 1.02 0.84 0.09
Car 0.0 0 -2.62 685.00 177.57 724.52 211.03 1.53 1.63 3.88 0.07 0.79 1.02 -2.49 0.09
Car 0.0 0 -2.62 692.64 184.71 760.41 237.60 1.53 1.63 3.88 0.10 0.81 1.02 -2.46 0.08
Car 0.0 0 1.05 125.41 177.80 371.54 300.93 1.53 1.63 3.88 -0.57 0.84 1.02 0.58 0.08
