Car 0.0 0 -2.62 561.77 181.05 621.41 231.75 1.53 1.63 3.88 -0.09 0.81 1.02 -2.64 0.22
Car 0.0 0 -2.62 648.97 180.13 705.58 225.30 1.53 1.63 3.88 0.03 0.80 1.02 -2.52 0.21
Car 0.0 0 -2.62 522.92 181.84 565.37 213.77 1.53 1.63 3.88 -0.16 0.79 1.02 -2.71 0.15
Car 0.0 0 1.05 295.18 179.25 497.26 316.31 1.53 1.63 3.88 -0.34 0.85 1.02 0.76 0.12
Car 0.0 0 1.05 103.74 210.62 432.62 412.27 1.53 1.63 3.88 -0.50 0.93 1.02 0.61 0.11
Car 0.0 0 -2.62 442.47 175.94 498.61 213.16 1.53 1.63 3.88 -0.26 0.79 1.02 -2.81 0.10
Car 0.0 0 1.05 65.56 205.52 409.02 409.53 1.53 1.63 3.88 -0.54 0.92 1.02 0.57 0.10
Car 0.0 0 -2.62 153.30 186.64 228.91 217.37 1.53 1.63 3.88 -0.66 0.80 1.02 3.14 0.10
Car 0.0 0 -2.62 352.38 179.94 463.38 225.47 1.53 1.63 3.88 -0.35 0.80 1.02 -2.89 0.10
Car 0.0 0 -2.62 464.08 175.39 526.23 204.33 1.53 1.63 3.88 -0.23 0.78 1.02 -2.78 0.09
Car 0.0 0 -2.62 379.10 178.49 490.08 228.27 1.53 1.63 3.88 -0.31 0.80 1.02 -2.86 0.09
Car 0.0 0 -2.62 614.13 176.24 647.33 202.68 1.53 1.63 3.88 -0.03 0.78 1.02 -2.59 0.08
