Car 0.0 0 -2.62 363.09 185.68 439.92 238.96 1.53 1.63 3.88 -0.35 0.81 1.02 -2.90 0.21
Car 0.0 0 -2.62 590.66 175.01 633.85 214.70 1.53 1.63 3.88 -0.06 0.79 1.02 -2.61 0.19
Car 0.0 0 -2.62 438.19 175.77 473.47 203.38 1.53 1.63 3.88 -0.28 0.78 1.02 -2.83 0.17
Car 0.0 0 -2.62 728.19 179.12 838.91 237.14 1.53 1.63 3.88 0.19 0.81 1.02 -2.38 0.13
Car 0.0 0 -2.62 685.37 174.41 777.17 214.51 1.53 1.63 3.88 0.11 0.79 1.02 -2.45 0.13
Car 0.0 0 -2.62 672.91 174.30 758.83 216.36 1.53 1.63 3.88 0.09 0.79 1.02 -2.47 0.13
Car 0.0 0 -2.62 654.38 177.92 723.44 218.60 1.53 1.63 3.88 0.05 0.79 1.02 -2.51 0.11
Car 0.0 0 -2.62 496.37 178.02 530.73 202.13 1.53 1.63 3.88 -0.20 0.78 1.02 -2.75 0.10
Car 0.0 0 -2.62 520.70 174.11 554.94 206.05 1.53 1.63 3.88 -0.17 0.78 1.02 -2.72 0.10
Car 0.0 0 -0.52 1087.59 165.35 1150.89 199.45 1.53 1.63 3.88 0.66 0.77 1.02 0.09 0.08
