Car 0.0 0 -2.62 589.66 177.48 645.47 221.82 1.53 1.63 3.88 -0.05 0.79 1.02 -2.61 0.22
Car 0.0 0 1.05 499.38 181.98 568.87 234.52 1.53 1.63 3.88 -0.17 0.81 1.02 0.94 0.20
Car 0.0 0 -2.62 644.76 175.18 686.48 205.08 1.53 1.63 3.88 0.01 0.78 1.02 -2.54 0.14
Car 0.0 0 1.05 714.10 179.63 852.48 282.55 1.53 1.63 3.88 0.17 0.83 1.02 1.28 0.13
Car 0.0 0 1.05 136.21 174.70 349.03 310.20 1.53 1.63 3.88 -0.60 0.84 1.02 0.58 0.11
Car 0.0 0 -2.62 443.81 175.68 530.07 211.91 1.53 1.63 3.88 -0.24 0.79 1.02 -2.79 0.09
Car 0.0 0 -2.62 408.28 174.08 487.37 206.15 1.53 1.63 3.88 -0.29 0.78 1.02 -2.84 0.08
Car 0.0 0 -2.62 241.58 173.84 403.67 262.10 1.53 1.63 3.88 -0.47 0.82 1.02 -3.00 0.08
Car 0.0 0 -2.62 366.70 180.28 457.70 225.47 1.53 1.63 3.88 -0.34 0.80 1.02 -2.88 0.08
Car 0.0 0 -2.62 682.42 186.53 762.54 236.55 1.53 1.63 3.88 0.09 0.81 1.02 -2.46 0.07
