Car 0.0 0 -2.62 396.16 180.83 450.60 216.30 1.53 1.63 3.88 -0.33 0.79 1.02 -2.87 0.20
Car 0.0 0 -2.62 515.65 180.18 551.44 207.53 1.53 1.63 3.88 -0.17 0.79 1.02 -2.72 0.20
Car 0.0 0 1.05 578.01 177.61 702.60 295.35 1.53 1.63 3.88 -0.02 0.84 1.02 1.09 0.18
Car 0.0 0 -2.62 457.77 181.23 498.95 206.08 1.53 1.63 3.88 -0.25 0.79 1.02 -2.80 0.14
Car 0.0 0 1.05 294.36 192.02 394.83 258.30 1.53 1.63 3.88 -0.43 0.83 1.02 0.70 0.13
Car 0.0 0 -2.62 364.45 184.37 422.90 220.44 1.53 1.63 3.88 -0.37 0.80 1.02 -2.91 0.12
Car 0.0 0 -2.62 722.84 173.80 840.83 227.16 1.53 1.63 3.88 0.19 0.79 1.02 -2.38 0.12
Car 0.0 0 -2.62 686.15 180.10 753.88 216.62 1.53 1.63 3.88 0.09 0.79 1.02 -2.47 0.12
Car 0.0 0 -2.62 224.23 184.82 310.86 228.28 1.53 1.63 3.88 -0.55 0.81 1.02 -3.06 0.11
Car 0.0 0 -2.62 714.90 177.27 801.46 220.60 1.53 1.63 3.88 0.15 0.79 1.02 -2.41 0.10
Car 0.0 0 1.05 18.86 199.13 220.35 287.43 1.53 1.63 3.88 -0.74 0.85 1.02 0.45 0.09
Car 0.0 0 -2.62 333.18 183.31 398.11 212.95 1.53 1.63 3.88 -0.41 0.79 1.02 -2.94 0.09
