Pedestrian 0.0 0 1.05 294.55 161.19 369.43 362.12 1.76 0.66 0.84 -0.46 1.00 1.02 0.68 0.21
Pedestrian 0.0 0 1.05 368.17 164.87 420.08 306.77 1.76 0.66 0.84 -0.37 0.96 1.02 0.76 0.16
Pedestrian 0.0 0 1.05 251.46 160.76 319.86 345.02 1.76 0.66 0.84 -0.53 0.98 1.02 0.63 0.15
Pedestrian 0.0 0 1.05 -8.49 178.89 90.32 439.10 1.76 0.66 0.84 -0.87 1.06 1.02 0.38 0.13
Pedestrian 0.0 0 1.05 776.76 154.40 819.80 276.57 1.76 0.66 0.84 0.20 0.94 1.02 1.30 0.13
Pedestrian 0.0 0 1.05 421.60 167.81 453.02 269.28 1.76 0.66 0.84 -0.31 0.94 1.02 0.81 0.13
Pedestrian 0.0 0 1.05 808.07 152.21 856.73 279.23 1.76 0.66 0.84 0.25 0.94 1.02 1.35 0.12
Car 0.0 0 -2.62 626.89 192.62 673.83 235.59 1.53 1.63 3.88 -0.01 0.82 1.02 -2.56 0.09
Car 0.0 0 1.05 661.26 191.00 742.32 257.39 1.53 1.63 3.88 0.06 0.83 1.02 1.17 0.08
Pedestrian 0.0 0 1.05 51.61 180.04 145.19 435.93 1.76 0.66 0.84 -0.79 1.06 1.02 0.43 0.08
Cyclist 0.0 0 1.05 291.89 162.87 365.66 360.17 1.74 0.60 1.76 -0.46 0.98 1.02 0.68 0.08
