Car 0.0 0 1.05 395.25 191.11 468.17 241.40 1.53 1.63 3.88 -0.31 0.82 1.02 0.81 0.21
Car 0.0 0 -2.62 480.22 180.88 524.27 215.18 1.53 1.63 3.88 -0.22 0.79 1.02 -2.77 0.14
Car 0.0 0 -2.62 439.65 187.52 492.37 225.35 1.53 1.63 3.88 -0.27 0.81 1.02 -2.81 0.13
Car 0.0 0 -0.52 270.37 195.47 401.82 275.10 1.53 1.63 3.88 -0.44 0.84 1.02 -0.89 0.13
Car 0.0 0 1.05 701.13 176.47 785.93 239.16 1.53 1.63 3.88 0.12 0.81 1.02 1.23 0.11
Car 0.0 0 -2.62 590.29 170.70 615.88 192.98 1.53 1.63 3.88 -0.07 0.77 1.02 -2.63 0.11
Car 0.0 0 -2.62 515.43 176.63 549.84 203.41 1.53 1.63 3.88 -0.17 0.78 1.02 -2.72 0.10
Car 0.0 0 -2.62 650.07 176.98 705.09 212.77 1.53 1.63 3.88 0.03 0.79 1.02 -2.52 0.10
Car 0.0 0 -2.62 636.82 176.40 680.08 204.10 1.53 1.63 3.88 0.00 0.78 1.02 -2.55 0.09
Car 0.0 0 1.05 41.31 205.80 293.61 348.69 1.53 1.63 3.88 -0.66 0.89 1.02 0.50 0.08
Car 0.0 0 -0.52 817.31 157.06 976.34 219.76 1.53 1.63 3.88 0.35 0.78 1.02 -0.14 0.08
Car 0.0 0 -2.62 674.55 176.36 750.46 231.66 1.53 1.63 3.88 0.08 0.80 1.02 -2.48 0.08
