Car 0.0 0 -2.62 631.99 163.81 673.77 194.56 1.53 1.63 3.88 -0.00 0.77 1.02 -2.56 0.23
Car 0.0 0 -2.62 582.68 167.22 643.08 215.41 1.53 1.63 3.88 -0.06 0.78 1.02 -2.61 0.22
Car 0.0 0 -0.52 864.34 159.75 1004.56 215.70 1.53 1.63 3.88 0.40 0.78 1.02 -0.10 0.11
Car 0.0 0 -2.62 167.58 209.46 240.11 260.20 1.53 1.63 3.88 -0.64 0.84 1.02 -3.13 0.11
Car 0.0 0 -2.62 200.47 212.84 268.28 255.46 1.53 1.63 3.88 -0.60 0.84 1.02 -3.10 0.11
Car 0.0 0 -2.62 239.63 210.42 326.63 250.55 1.53 1.63 3.88 -0.53 0.84 1.02 -3.04 0.10
Car 0.0 0 -0.52 988.21 156.52 1154.42 221.67 1.53 1.63 3.88 0.60 0.78 1.02 0.05 0.10
Car 0.0 0 -2.62 272.43 207.86 333.14 245.08 1.53 1.63 3.88 -0.50 0.83 1.02 -3.02 0.10
Car 0.0 0 -0.52 962.69 154.70 1160.57 232.07 1.53 1.63 3.88 0.59 0.78 1.02 0.04 0.10
Car 0.0 0 -2.62 331.55 200.24 435.79 245.60 1.53 1.63 3.88 -0.38 0.83 1.02 -2.92 0.08
