Car 0.0 0 1.05 719.74 181.37 806.21 252.21 1.53 1.63 3.88 0.16 0.82 1.02 1.26 0.23
Car 0.0 0 -2.62 679.92 181.86 724.01 214.60 1.53 1.63 3.88 0.06 0.79 1.02 -2.49 0.17
Car 0.0 0 -2.62 423.80 181.60 520.35 225.43 1.53 1.63 3.88 -0.26 0.80 1.02 -2.81 0.13
Car 0.0 0 -2.62 469.52 178.63 541.43 218.72 1.53 1.63 3.88 -0.21 0.79 1.02 -2.76 0.13
Car 0.0 0 -2.62 571.66 171.51 602.73 193.90 1.53 1.63 3.88 -0.10 0.77 1.02 -2.65 0.12
Car 0.0 0 -2.62 344.74 182.45 466.63 233.01 1.53 1.63 3.88 -0.35 0.81 1.02 -2.89 0.11
Car 0.0 0 -2.62 655.91 168.53 690.39 196.34 1.53 1.63 3.88 0.03 0.77 1.02 -2.53 0.11
Car 0.0 0 -2.62 500.55 177.87 567.31 211.10 1.53 1.63 3.88 -0.17 0.79 1.02 -2.72 0.10
Car 0.0 0 -2.62 698.89 181.86 768.89 232.87 1.53 1.63 3.88 0.11 0.81 1.02 -2.45 0.09
Car 0.0 0 -2.62 541.24 177.45 586.57 202.59 1.53 1.63 3.88 -0.13 0.78 1.02 -2.68 0.08
