Car 0.0 0 -2.62 609.00 173.42 653.56 207.44 1.53 1.63 3.88 -0.03 0.78 1.02 -2.59 0.16
Car 0.0 0 -2.62 467.54 171.33 521.49 202.19 1.53 1.63 3.88 -0.23 0.78 1.02 -2.78 0.16
Car 0.0 0 -2.62 636.39 178.13 680.27 210.53 1.53 1.63 3.88 0.00 0.79 1.02 -2.55 0.15
Car 0.0 0 -2.62 429.79 174.09 503.29 207.30 1.53 1.63 3.88 -0.27 0.78 1.02 -2.81 0.10
Car 0.0 0 -2.62 769.75 176.26 909.51 231.85 1.53 1.63 3.88 0.27 0.80 1.02 -2.31 0.10
Car 0.0 0 -2.62 794.81 177.04 929.02 231.84 1.53 1.63 3.88 0.30 0.80 1.02 -2.28 0.10
Car 0.0 0 -2.62 407.46 172.54 495.55 209.62 1.53 1.63 3.88 -0.29 0.78 1.02 -2.83 0.08
Car 0.0 0 -2.62 363.36 173.74 460.42 216.44 1.53 1.63 3.88 -0.34 0.79 1.02 -2.89 0.08
Car 0.0 0 -2.62 528.31 178.04 613.75 219.64 1.53 1.63 3.88 -0.12 0.79 1.02 -2.67 0.08
Car 0.0 0 -2.62 382.69 175.25 472.03 215.23 1.53 1.63 3.88 -0.32 0.79 1.02 -2.87 0.08
