Car 0.0 0 -2.62 356.47 181.21 426.98 217.20 1.53 1.63 3.88 -0.37 0.79 1.02 -2.91 0.14
Car 0.0 0 -2.62 457.01 176.06 500.64 203.18 1.53 1.63 3.88 -0.25 0.78 1.02 -2.80 0.13
Car 0.0 0 -2.62 404.63 177.96 451.45 209.58 1.53 1.63 3.88 -0.32 0.79 1.02 -2.86 0.13
Car 0.0 0 -2.62 524.23 176.07 558.40 202.60 1.53 1.63 3.88 -0.16 0.78 1.02 -2.71 0.12
Car 0.0 0 -2.62 731.83 169.91 837.05 212.47 1.53 1.63 3.88 0.19 0.78 1.02 -2.38 0.12
Car 0.0 0 -2.62 233.33 179.96 318.86 216.77 1.53 1.63 3.88 -0.54 0.79 1.02 -3.05 0.11
Car 0.0 0 1.05 37.63 192.18 230.27 280.12 1.53 1.63 3.88 -0.72 0.84 1.02 0.46 0.10
Car 0.0 0 -2.62 700.56 171.09 816.71 220.78 1.53 1.63 3.88 0.15 0.79 1.02 -2.41 0.10
Car 0.0 0 1.05 544.92 168.99 771.30 362.81 1.53 1.63 3.88 0.01 0.87 1.02 1.11 0.09
Car 0.0 0 -2.62 685.01 170.29 798.63 228.98 1.53 1.63 3.88 0.12 0.79 1.02 -2.44 0.09
