Car 0.0 0 -2.62 638.05 192.92 669.13 217.53 1.53 1.63 3.88 -0.00 0.81 1.02 -2.56 0.17
Car 0.0 0 -2.62 755.63 195.84 885.13 250.78 1.53 1.63 3.88 0.23 0.83 1.02 -2.33 0.13
Car 0.0 0 -2.62 553.45 184.69 590.69 209.66 1.53 1.63 3.88 -0.12 0.79 1.02 -2.67 0.13
Car 0.0 0 -2.62 467.22 185.47 538.34 219.09 1.53 1.63 3.88 -0.22 0.80 1.02 -2.76 0.11
Car 0.0 0 -2.62 695.67 193.12 776.00 226.73 1.53 1.63 3.88 0.11 0.81 1.02 -2.44 0.09
Car 0.0 0 -2.62 510.75 187.74 563.81 215.95 1.53 1.63 3.88 -0.17 0.80 1.02 -2.72 0.09
Car 0.0 0 -0.52 305.55 187.01 472.61 255.51 1.53 1.63 3.88 -0.37 0.82 1.02 -0.82 0.09
Car 0.0 0 -0.52 202.25 183.44 417.17 265.37 1.53 1.63 3.88 -0.48 0.83 1.02 -0.92 0.09
Car 0.0 0 -2.62 407.39 183.82 509.37 231.02 1.53 1.63 3.88 -0.28 0.81 1.02 -2.82 0.09
Car 0.0 0 -0.52 277.27 186.47 464.56 266.07 1.53 1.63 3.88 -0.39 0.83 1.02 -0.84 0.08
