Pedestrian 0.0 0 1.05 409.48 154.32 477.23 326.72 1.76 0.66 0.84 -0.29 0.96 1.03 0.83 0.16
Pedestrian 0.0 0 1.05 631.81 151.02 688.18 304.66 1.76 0.66 0.84 0.02 0.94 1.03 1.13 0.16
Pedestrian 0.0 0 1.05 734.39 152.27 819.33 347.26 1.76 0.66 0.84 0.19 0.97 1.03 1.29 0.15
Pedestrian 0.0 0 1.05 720.01 140.35 833.08 399.85 1.76 0.66 0.84 0.19 1.00 1.03 1.29 0.13
Pedestrian 0.0 0 1.05 554.06 153.70 617.54 326.23 1.76 0.66 0.84 -0.09 0.96 1.03 1.03 0.13
Pedestrian 0.0 0 1.05 536.93 153.70 604.39 326.52 1.76 0.66 0.84 -0.11 0.96 1.03 1.01 0.12
Pedestrian 0.0 0 1.05 498.82 150.03 549.49 288.50 1.76 0.66 0.84 -0.17 0.93 1.03 0.94 0.11
Pedestrian 0.0 0 1.05 706.91 156.59 736.83 247.62 1.76 0.66 0.84 0.11 0.91 1.03 1.21 0.11
Car 0.0 0 1.05 450.62 171.09 525.95 237.60 1.53 1.63 3.88 -0.22 0.79 1.03 0.89 0.10
Pedestrian 0.0 0 1.05 590.84 151.90 634.72 277.63 1.76 0.66 0.84 -0.05 0.92 1.03 1.06 0.09
Pedestrian 0.0 0 1.05 450.19 162.00 482.74 257.95 1.76 0.66 0.84 -0.26 0.92 1.03 0.86 0.08
Car 0.0 0 -2.62 455.96 172.31 502.13 208.97 1.53 1.63 3.88 -0.24 0.77 1.03 -2.79 0.08
