Car 0.0 0 -2.62 452.95 176.63 503.51 213.51 1.53 1.63 3.88 -0.25 0.79 1.02 -2.80 0.17
Car 0.0 0 1.05 714.27 165.87 927.06 313.46 1.53 1.63 3.88 0.21 0.84 1.02 1.33 0.15
Car 0.0 0 -2.62 525.60 169.05 556.77 194.23 1.53 1.63 3.88 -0.16 0.77 1.02 -2.71 0.15
Car 0.0 0 1.05 676.74 165.15 788.56 255.19 1.53 1.63 3.88 0.10 0.81 1.02 1.22 0.14
Car 0.0 0 1.05 411.00 176.80 471.91 223.20 1.53 1.63 3.88 -0.30 0.79 1.02 0.82 0.13
Car 0.0 0 1.05 157.05 181.67 380.61 325.81 1.53 1.63 3.88 -0.51 0.86 1.02 0.61 0.10
Car 0.0 0 -2.62 657.32 164.27 725.18 220.16 1.53 1.63 3.88 0.05 0.78 1.02 -2.51 0.10
Pedestrian 0.0 0 1.05 942.52 136.60 1009.16 305.07 1.76 0.66 0.84 0.46 0.94 1.02 1.52 0.08
Pedestrian 0.0 0 -2.09 631.56 144.24 652.45 212.42 1.76 0.66 0.84 -0.02 0.89 1.02 -2.05 0.08
Pedestrian 0.0 0 1.05 370.58 161.13 438.60 303.64 1.76 0.66 0.84 -0.35 0.96 1.02 0.77 0.07
