Car 0.0 0 -2.62 596.06 176.98 657.78 229.43 1.53 1.63 3.88 -0.04 0.80 1.02 -2.59 0.21
Car 0.0 0 -2.62 496.61 172.24 552.55 209.47 1.53 1.63 3.88 -0.18 0.78 1.02 -2.74 0.14
Car 0.0 0 1.05 331.70 171.77 513.36 250.25 1.53 1.63 3.88 -0.32 0.81 1.02 0.79 0.12
Car 0.0 0 -2.62 711.75 170.16 786.23 230.42 1.53 1.63 3.88 0.13 0.79 1.02 -2.43 0.11
Car 0.0 0 1.05 302.23 169.95 428.92 241.22 1.53 1.63 3.88 -0.40 0.80 1.02 0.72 0.11
Car 0.0 0 -2.62 455.33 173.94 535.60 217.93 1.53 1.63 3.88 -0.22 0.79 1.02 -2.77 0.09
Car 0.0 0 1.05 763.94 173.80 952.55 291.01 1.53 1.63 3.88 0.28 0.83 1.02 1.38 0.09
Car 0.0 0 -2.62 741.77 183.20 841.88 240.51 1.53 1.63 3.88 0.19 0.81 1.02 -2.37 0.09
Car 0.0 0 -2.62 532.08 160.61 595.85 196.96 1.53 1.63 3.88 -0.13 0.77 1.02 -2.68 0.09
Car 0.0 0 -2.62 102.94 174.26 208.77 214.60 1.53 1.63 3.88 -0.71 0.79 1.02 3.10 0.08
Pedestrian 0.0 0 1.05 827.81 151.35 915.84 362.73 1.76 0.66 0.84 0.31 0.99 1.02 1.40 0.08
