Car 0.0 0 -2.62 320.67 176.29 397.08 222.85 1.53 1.63 3.88 -0.41 0.79 1.02 -2.95 0.17
Car 0.0 0 1.05 589.72 174.72 644.68 223.68 1.53 1.63 3.88 -0.05 0.79 1.02 1.06 0.16
Car 0.0 0 1.05 733.60 161.61 971.90 297.69 1.53 1.63 3.88 0.31 0.82 1.02 1.37 0.16
Car 0.0 0 -2.62 409.19 175.88 456.09 206.59 1.53 1.63 3.88 -0.32 0.78 1.02 -2.86 0.16
Car 0.0 0 -2.62 368.10 176.85 425.00 211.21 1.53 1.63 3.88 -0.37 0.79 1.02 -2.91 0.12
Car 0.0 0 1.05 739.32 172.78 842.35 254.55 1.53 1.63 3.88 0.19 0.81 1.02 1.29 0.11
Car 0.0 0 -2.62 661.53 161.60 762.18 214.03 1.53 1.63 3.88 0.08 0.78 1.02 -2.48 0.11
Car 0.0 0 -2.62 655.45 171.41 715.03 209.27 1.53 1.63 3.88 0.04 0.78 1.02 -2.51 0.09
Car 0.0 0 2.62 -3.77 180.06 44.62 216.61 1.53 1.63 3.88 -0.90 0.79 1.02 1.93 0.09
Car 0.0 0 -2.62 469.94 175.48 502.93 196.43 1.53 1.63 3.88 -0.24 0.78 1.02 -2.79 0.09
Car 0.0 0 -2.62 443.69 175.23 475.62 197.05 1.53 1.63 3.88 -0.28 0.78 1.02 -2.82 0.08
Car 0.0 0 -2.62 763.18 167.22 838.82 198.42 1.53 1.63 3.88 0.21 0.77 1.02 -2.36 0.07
