Car 0.0 0 1.05 703.42 185.55 791.22 263.64 1.53 1.63 3.88 0.13 0.83 1.02 1.24 0.17
Car 0.0 0 -2.62 485.12 176.04 532.77 205.18 1.53 1.63 3.88 -0.21 0.78 1.02 -2.76 0.15
Car 0.0 0 -2.62 523.16 168.52 566.20 196.19 1.53 1.63 3.88 -0.16 0.77 1.02 -2.71 0.14
Car 0.0 0 -2.62 507.29 172.51 549.36 200.52 1.53 1.63 3.88 -0.18 0.78 1.02 -2.73 0.11
Car 0.0 0 -2.62 770.82 186.73 859.21 227.62 1.53 1.63 3.88 0.23 0.81 1.02 -2.34 0.11
Car 0.0 0 -2.62 629.84 164.91 677.75 208.63 1.53 1.63 3.88 -0.00 0.78 1.02 -2.56 0.10
Car 0.0 0 -2.62 408.12 175.18 509.50 215.29 1.53 1.63 3.88 -0.28 0.79 1.02 -2.82 0.09
Car 0.0 0 -2.62 728.18 179.58 818.75 217.31 1.53 1.63 3.88 0.17 0.79 1.02 -2.39 0.08
Car 0.0 0 -2.62 821.35 184.44 873.45 220.48 1.53 1.63 3.88 0.27 0.80 1.02 -2.30 0.08
Car 0.0 0 -2.62 359.22 174.69 463.88 224.43 1.53 1.63 3.88 -0.34 0.79 1.02 -2.89 0.08
Car 0.0 0 -2.62 245.64 166.60 431.52 241.72 1.53 1.63 3.88 -0.45 0.80 1.02 -2.98 0.07
