Pedestrian 0.0 0 1.05 698.34 134.81 783.39 360.45 1.76 0.66 0.84 0.13 0.97 1.04 1.24 0.23
Pedestrian 0.0 0 1.05 473.97 135.02 518.32 259.84 1.76 0.66 0.84 -0.23 0.90 1.04 0.90 0.14
Pedestrian 0.0 0 1.05 567.11 140.54 608.00 261.30 1.76 0.66 0.84 -0.09 0.91 1.04 1.02 0.13
Pedestrian 0.0 0 1.05 772.41 136.66 815.39 265.67 1.76 0.66 0.84 0.21 0.91 1.04 1.31 0.13
Pedestrian 0.0 0 1.05 607.92 135.04 659.13 268.14 1.76 0.66 0.84 -0.03 0.91 1.04 1.09 0.12
Pedestrian 0.0 0 1.05 796.48 120.47 874.44 325.45 1.76 0.66 0.84 0.27 0.93 1.04 1.36 0.12
Pedestrian 0.0 0 1.05 527.21 131.77 571.20 254.97 1.76 0.66 0.84 -0.15 0.89 1.04 0.97 0.12
Pedestrian 0.0 0 1.05 640.13 136.97 687.87 265.67 1.76 0.66 0.84 0.02 0.91 1.04 1.13 0.12
Pedestrian 0.0 0 1.05 453.17 134.12 492.06 243.96 1.76 0.66 0.84 -0.26 0.89 1.04 0.86 0.11
Pedestrian 0.0 0 1.05 499.19 136.05 544.98 258.14 1.76 0.66 0.84 -0.19 0.90 1.04 0.93 0.10
Cyclist 0.0 0 1.05 698.34 134.81 783.39 360.45 1.74 0.60 1.76 0.13 0.95 1.04 1.24 0.08
Pedestrian 0.0 0 1.05 326.01 131.36 396.76 297.36 1.76 0.66 0.84 -0.42 0.92 1.04 0.72 0.08
Pedestrian 0.0 0 -2.09 680.97 141.74 699.66 202.19 1.76 0.66 0.84 0.06 0.87 1.04 -1.97 0.07
