Car 0.0 0 -2.62 679.75 182.16 731.22 223.48 1.53 1.63 3.88 0.07 0.80 1.02 -2.49 0.18
Car 0.0 0 -2.62 554.06 170.06 588.77 194.33 1.53 1.63 3.88 -0.12 0.77 1.02 -2.67 0.15
Car 0.0 0 -2.62 643.91 165.83 679.95 198.39 1.53 1.63 3.88 0.01 0.77 1.02 -2.55 0.13
Car 0.0 0 1.05 752.56 176.23 981.89 329.03 1.53 1.63 3.88 0.27 0.86 1.02 1.39 0.13
Car 0.0 0 -2.62 713.77 179.13 835.61 263.66 1.53 1.63 3.88 0.17 0.82 1.02 -2.39 0.12
Car 0.0 0 -2.62 389.17 178.74 492.05 230.35 1.53 1.63 3.88 -0.30 0.80 1.02 -2.85 0.12
Car 0.0 0 -2.62 500.97 178.38 557.15 209.20 1.53 1.63 3.88 -0.18 0.79 1.02 -2.73 0.11
Car 0.0 0 -2.62 292.42 181.20 456.08 244.28 1.53 1.63 3.88 -0.39 0.81 1.02 -2.93 0.10
Car 0.0 0 -2.62 433.68 177.45 522.71 220.93 1.53 1.63 3.88 -0.25 0.79 1.02 -2.80 0.09
Car 0.0 0 -2.62 692.07 178.43 772.12 228.71 1.53 1.63 3.88 0.11 0.80 1.02 -2.45 0.08
Car 0.0 0 -2.62 462.87 173.51 541.90 208.19 1.53 1.63 3.88 -0.22 0.78 1.02 -2.77 0.08
