Car 0.0 0 1.05 569.45 182.67 662.08 268.87 1.53 1.63 3.88 -0.05 0.83 1.02 1.06 0.19
Car 0.0 0 -2.62 336.36 192.74 393.15 228.00 1.53 1.63 3.88 -0.41 0.81 1.02 -2.95 0.15
Car 0.0 0 -2.62 194.20 203.45 248.85 239.88 1.53 1.63 3.88 -0.61 0.83 1.02 -3.11 0.14
Car 0.0 0 -2.62 145.76 203.52 241.39 241.72 1.53 1.63 3.88 -0.65 0.83 1.02 -3.14 0.12
Car 0.0 0 -2.62 19.27 207.64 132.64 255.08 1.53 1.63 3.88 -0.82 0.84 1.02 3.03 0.12
Car 0.0 0 -2.62 268.44 198.43 324.98 228.16 1.53 1.63 3.88 -0.51 0.82 1.02 -3.03 0.10
Car 0.0 0 -2.62 393.14 184.44 431.61 211.64 1.53 1.63 3.88 -0.34 0.79 1.02 -2.88 0.08
Car 0.0 0 -0.52 1098.92 188.94 1257.42 249.19 1.53 1.63 3.88 0.75 0.82 1.02 0.14 0.08
Car 0.0 0 2.62 70.53 208.49 148.31 242.59 1.53 1.63 3.88 -0.77 0.83 1.02 2.01 0.08
Car 0.0 0 1.05 434.15 187.48 488.62 225.99 1.53 1.63 3.88 -0.27 0.81 1.02 0.84 0.07
