Car 0.0 0 -2.62 573.68 176.85 626.34 221.32 1.53 1.63 3.88 -0.08 0.79 1.02 -2.63 0.23
Car 0.0 0 -2.62 646.35 179.24 695.08 217.40 1.53 1.63 3.88 0.02 0.79 1.02 -2.53 0.16
Car 0.0 0 1.05 386.58 185.77 530.89 288.56 1.53 1.63 3.88 -0.26 0.84 1.02 0.84 0.15
Car 0.0 0 1.05 148.75 180.28 332.78 274.66 1.53 1.63 3.88 -0.57 0.83 1.02 0.57 0.12
Car 0.0 0 -2.62 694.23 173.28 769.62 226.87 1.53 1.63 3.88 0.11 0.79 1.02 -2.45 0.10
Car 0.0 0 1.05 681.96 157.40 886.74 307.31 1.53 1.63 3.88 0.17 0.83 1.02 1.28 0.10
Car 0.0 0 1.05 471.10 177.70 550.63 239.18 1.53 1.63 3.88 -0.20 0.81 1.02 0.91 0.09
Car 0.0 0 -2.62 634.15 179.80 676.60 209.19 1.53 1.63 3.88 -0.00 0.79 1.02 -2.55 0.09
Car 0.0 0 -2.62 281.59 178.20 318.62 201.37 1.53 1.63 3.88 -0.50 0.78 1.02 -3.02 0.09
Car 0.0 0 -2.62 460.97 176.49 548.49 231.94 1.53 1.63 3.88 -0.21 0.80 1.02 -2.76 0.09
Car 0.0 0 -2.62 604.68 180.43 649.39 208.35 1.53 1.63 3.88 -0.04 0.79 1.02 -2.59 0.08
Car 0.0 0 -2.62 331.33 175.87 393.86 203.93 1.53 1.63 3.88 -0.41 0.78 1.02 -2.95 0.08
Car 0.0 0 -2.62 325.31 174.40 430.59 214.76 1.53 1.63 3.88 -0.39 0.79 1.02 -2.93 0.07
