Car 0.0 0 -2.62 431.56 179.85 491.16 226.34 1.53 1.63 3.88 -0.27 0.80 1.02 -2.82 0.21
Car 0.0 0 -2.62 367.45 194.72 445.21 245.30 1.53 1.63 3.88 -0.35 0.82 1.02 -2.89 0.18
Car 0.0 0 -2.62 684.28 174.61 762.15 241.91 1.53 1.63 3.88 0.10 0.81 1.02 -2.46 0.17
Car 0.0 0 1.05 250.30 197.39 394.19 282.30 1.53 1.63 3.88 -0.45 0.84 1.02 0.67 0.15
Car 0.0 0 -2.62 466.70 181.95 512.70 214.14 1.53 1.63 3.88 -0.23 0.79 1.02 -2.78 0.13
Car 0.0 0 -2.62 491.92 180.96 526.96 207.80 1.53 1.63 3.88 -0.21 0.79 1.02 -2.76 0.11
Car 0.0 0 -2.62 555.47 178.07 581.06 200.29 1.53 1.63 3.88 -0.12 0.78 1.02 -2.68 0.10
Car 0.0 0 -2.62 528.61 179.10 552.92 201.11 1.53 1.63 3.88 -0.16 0.78 1.02 -2.71 0.10
Car 0.0 0 -2.62 623.49 174.93 652.35 196.62 1.53 1.63 3.88 -0.02 0.78 1.02 -2.58 0.09
Car 0.0 0 -0.52 1140.68 137.32 1241.27 192.72 1.53 1.63 3.88 0.76 0.74 1.02 0.15 0.08
