Car 0.0 0 -2.62 543.00 174.18 584.51 205.49 1.53 1.63 3.88 -0.13 0.78 1.02 -2.68 0.20
Car 0.0 0 1.05 597.08 178.32 664.76 237.48 1.53 1.63 3.88 -0.03 0.81 1.02 1.08 0.16
Car 0.0 0 -2.62 430.53 182.54 479.13 213.08 1.53 1.63 3.88 -0.28 0.79 1.02 -2.83 0.16
Car 0.0 0 1.05 731.39 171.45 930.19 278.59 1.53 1.63 3.88 0.27 0.82 1.02 1.34 0.15
Car 0.0 0 -2.62 648.25 173.64 674.08 197.47 1.53 1.63 3.88 0.01 0.78 1.02 -2.55 0.13
Car 0.0 0 -2.62 230.09 183.32 367.01 242.13 1.53 1.63 3.88 -0.50 0.81 1.02 -3.02 0.13
Car 0.0 0 -0.52 82.57 187.74 212.62 244.22 1.53 1.63 3.88 -0.71 0.82 1.02 -1.09 0.11
Car 0.0 0 -2.62 387.65 183.50 436.99 222.19 1.53 1.63 3.88 -0.34 0.80 1.02 -2.88 0.11
Car 0.0 0 -2.62 683.00 172.21 709.60 198.86 1.53 1.63 3.88 0.06 0.78 1.02 -2.50 0.10
Car 0.0 0 1.05 302.16 192.99 416.76 245.59 1.53 1.63 3.88 -0.41 0.82 1.02 0.71 0.09
Car 0.0 0 -2.62 127.80 187.57 221.72 225.43 1.53 1.63 3.88 -0.68 0.81 1.02 3.12 0.08
Car 0.0 0 -2.62 286.65 184.31 374.14 220.57 1.53 1.63 3.88 -0.46 0.80 1.02 -2.99 0.07
