Car 0.0 0 1.05 582.12 183.15 651.36 241.33 1.53 1.63 3.88 -0.05 0.81 1.02 1.06 0.23
Pedestrian 0.0 0 1.05 201.98 140.01 299.83 353.65 1.76 0.66 0.84 -0.57 0.97 1.02 0.59 0.11
Car 0.0 0 -2.62 674.98 175.51 736.47 222.22 1.53 1.63 3.88 0.07 0.79 1.02 -2.49 0.11
Car 0.0 0 -2.62 697.24 185.68 762.87 236.72 1.53 1.63 3.88 0.10 0.81 1.02 -2.45 0.11
Car 0.0 0 -2.62 510.54 173.97 564.10 206.70 1.53 1.63 3.88 -0.17 0.78 1.02 -2.72 0.10
Car 0.0 0 -2.62 553.89 165.88 597.36 191.81 1.53 1.63 3.88 -0.11 0.77 1.02 -2.66 0.10
Car 0.0 0 1.05 735.94 192.51 836.89 273.98 1.53 1.63 3.88 0.18 0.84 1.02 1.29 0.09
Car 0.0 0 -2.62 590.48 174.33 632.08 207.17 1.53 1.63 3.88 -0.06 0.78 1.02 -2.62 0.08
Car 0.0 0 -2.62 479.49 174.84 547.79 216.47 1.53 1.63 3.88 -0.20 0.79 1.02 -2.75 0.08
Car 0.0 0 1.05 443.16 178.49 519.74 228.82 1.53 1.63 3.88 -0.24 0.80 1.02 0.87 0.07
Car 0.0 0 1.05 263.59 172.79 457.58 276.80 1.53 1.63 3.88 -0.40 0.82 1.02 0.71 0.07
