Car 0.0 0 -2.62 585.64 184.11 650.90 238.81 1.53 1.63 3.88 -0.05 0.81 1.02 -2.61 0.21
Car 0.0 0 1.05 729.49 185.47 821.79 257.08 1.53 1.63 3.88 0.17 0.82 1.02 1.27 0.18
Car 0.0 0 -2.62 698.40 176.45 767.70 231.17 1.53 1.63 3.88 0.11 0.80 1.02 -2.45 0.16
Car 0.0 0 -2.62 528.53 176.12 568.87 204.65 1.53 1.63 3.88 -0.15 0.78 1.02 -2.70 0.13
Car 0.0 0 -2.62 559.09 168.76 601.24 195.05 1.53 1.63 3.88 -0.11 0.77 1.02 -2.66 0.12
Car 0.0 0 1.05 376.92 187.22 486.89 245.98 1.53 1.63 3.88 -0.31 0.82 1.02 0.81 0.11
Car 0.0 0 -2.62 447.05 180.17 531.27 227.42 1.53 1.63 3.88 -0.23 0.80 1.02 -2.78 0.10
Car 0.0 0 -2.62 671.15 172.66 706.92 207.79 1.53 1.63 3.88 0.05 0.78 1.02 -2.51 0.10
Car 0.0 0 1.05 98.25 166.10 407.88 361.74 1.53 1.63 3.88 -0.62 0.87 1.02 0.59 0.09
Car 0.0 0 1.05 281.04 180.19 438.30 283.87 1.53 1.63 3.88 -0.40 0.83 1.02 0.71 0.09
Car 0.0 0 -2.62 500.84 176.65 564.09 212.46 1.53 1.63 3.88 -0.17 0.79 1.02 -2.72 0.08
