Car 0.0 0 -2.62 506.27 180.18 565.27 226.70 1.53 1.63 3.88 -0.17 0.80 1.02 -2.72 0.20
Car 0.0 0 -2.62 715.51 179.09 781.26 228.02 1.53 1.63 3.88 0.13 0.80 1.02 -2.43 0.18
Car 0.0 0 -2.62 534.63 176.57 584.67 214.06 1.53 1.63 3.88 -0.13 0.79 1.02 -2.69 0.17
Car 0.0 0 1.05 449.05 181.51 536.93 245.18 1.53 1.63 3.88 -0.22 0.81 1.02 0.89 0.14
Car 0.0 0 1.05 464.09 183.85 544.34 243.13 1.53 1.63 3.88 -0.21 0.81 1.02 0.90 0.14
Car 0.0 0 -2.62 743.31 182.30 833.89 251.11 1.53 1.63 3.88 0.19 0.82 1.02 -2.37 0.13
Car 0.0 0 -2.62 580.99 180.33 624.17 207.28 1.53 1.63 3.88 -0.07 0.79 1.02 -2.63 0.13
Car 0.0 0 1.05 774.50 165.98 913.84 298.43 1.53 1.63 3.88 0.26 0.83 1.02 1.36 0.11
Car 0.0 0 1.05 779.16 168.52 909.45 320.34 1.53 1.63 3.88 0.26 0.85 1.02 1.36 0.10
Car 0.0 0 -2.62 668.72 174.19 715.21 199.10 1.53 1.63 3.88 0.05 0.78 1.02 -2.50 0.09
