Car 0.0 0 -2.62 310.10 175.00 391.31 224.82 1.53 1.63 3.88 -0.43 0.79 1.02 -2.96 0.16
Car 0.0 0 -2.62 589.71 174.37 645.23 223.72 1.53 1.63 3.88 -0.05 0.79 1.02 -2.61 0.16
Car 0.0 0 -2.62 416.37 176.98 455.87 205.16 1.53 1.63 3.88 -0.31 0.78 1.02 -2.85 0.15
Car 0.0 0 -2.62 365.82 176.13 419.07 212.36 1.53 1.63 3.88 -0.37 0.79 1.02 -2.91 0.14
Car 0.0 0 1.05 758.03 165.74 1005.50 310.91 1.53 1.63 3.88 0.36 0.83 1.02 1.41 0.14
Car 0.0 0 -2.62 665.53 159.78 764.81 216.51 1.53 1.63 3.88 0.09 0.78 1.02 -2.47 0.13
Car 0.0 0 -2.62 490.25 167.23 529.31 198.06 1.53 1.63 3.88 -0.21 0.77 1.02 -2.76 0.12
Car 0.0 0 1.05 748.75 173.48 854.79 262.18 1.53 1.63 3.88 0.21 0.82 1.02 1.31 0.11
Car 0.0 0 -2.62 639.16 172.68 692.34 199.76 1.53 1.63 3.88 0.01 0.78 1.02 -2.54 0.08
Car 0.0 0 -2.62 774.42 166.11 858.87 199.52 1.53 1.63 3.88 0.23 0.77 1.02 -2.34 0.08
Car 0.0 0 -2.62 392.35 176.46 441.18 204.62 1.53 1.63 3.88 -0.34 0.78 1.02 -2.88 0.08
Car 0.0 0 -2.62 657.64 169.11 713.57 205.17 1.53 1.63 3.88 0.04 0.78 1.02 -2.51 0.07
