Car 0.0 0 -2.62 414.95 174.81 463.62 207.58 1.53 1.63 3.88 -0.30 0.78 1.02 -2.85 0.19
Car 0.0 0 -2.62 382.28 181.40 435.82 213.90 1.53 1.63 3.88 -0.35 0.79 1.02 -2.89 0.17
Car 0.0 0 1.05 564.64 170.39 711.88 305.88 1.53 1.63 3.88 -0.02 0.84 1.02 1.09 0.16
Car 0.0 0 1.05 138.97 187.01 277.84 258.56 1.53 1.63 3.88 -0.62 0.82 1.02 0.54 0.13
Car 0.0 0 -2.62 706.84 170.51 808.53 211.66 1.53 1.63 3.88 0.15 0.78 1.02 -2.42 0.13
Car 0.0 0 -2.62 696.65 172.79 772.83 217.40 1.53 1.63 3.88 0.11 0.79 1.02 -2.45 0.13
Car 0.0 0 -2.62 267.04 178.43 340.46 211.05 1.53 1.63 3.88 -0.50 0.79 1.02 -3.02 0.12
Car 0.0 0 -2.62 676.29 173.18 726.33 208.26 1.53 1.63 3.88 0.06 0.78 1.02 -2.49 0.09
Car 0.0 0 -2.62 465.42 175.52 500.62 197.86 1.53 1.63 3.88 -0.24 0.78 1.02 -2.79 0.09
Car 0.0 0 -2.62 354.69 177.73 417.28 210.91 1.53 1.63 3.88 -0.38 0.79 1.02 -2.92 0.07
