Car 0.0 0 1.05 321.25 170.25 463.80 271.73 1.53 1.63 3.88 -0.35 0.82 1.02 0.76 0.15
Car 0.0 0 1.05 687.64 155.15 842.63 271.05 1.53 1.63 3.88 0.15 0.81 1.02 1.26 0.15
Car 0.0 0 -2.62 656.67 160.37 750.85 218.21 1.53 1.63 3.88 0.06 0.78 1.02 -2.49 0.15
Car 0.0 0 -2.62 477.41 165.26 524.93 199.66 1.53 1.63 3.88 -0.22 0.77 1.02 -2.77 0.14
Car 0.0 0 -2.62 620.05 156.33 664.33 184.32 1.53 1.63 3.88 -0.02 0.76 1.02 -2.57 0.10
Car 0.0 0 1.05 425.90 168.18 494.28 224.67 1.53 1.63 3.88 -0.27 0.79 1.02 0.84 0.09
Car 0.0 0 -2.62 649.98 159.13 699.52 199.22 1.53 1.63 3.88 0.03 0.77 1.02 -2.53 0.09
Car 0.0 0 1.05 761.21 179.24 1119.14 391.60 1.53 1.63 3.88 0.35 0.89 1.02 1.48 0.09
Car 0.0 0 -2.62 670.72 174.66 742.45 232.38 1.53 1.63 3.88 0.07 0.80 1.02 -2.48 0.09
Car 0.0 0 1.05 764.75 171.14 1069.88 363.98 1.53 1.63 3.88 0.32 0.87 1.02 1.45 0.08
