Car 0.0 0 -2.62 424.46 175.11 469.18 206.53 1.53 1.63 3.88 -0.29 0.78 1.02 -2.84 0.19
Car 0.0 0 1.05 567.22 170.04 701.10 296.17 1.53 1.63 3.88 -0.03 0.83 1.02 1.08 0.18
Car 0.0 0 -2.62 388.00 180.82 436.97 214.54 1.53 1.63 3.88 -0.34 0.79 1.02 -2.88 0.15
Car 0.0 0 -2.62 693.78 171.79 761.97 217.71 1.53 1.63 3.88 0.10 0.79 1.02 -2.46 0.14
Car 0.0 0 1.05 171.03 185.88 296.46 250.54 1.53 1.63 3.88 -0.59 0.82 1.02 0.57 0.13
Car 0.0 0 -2.62 468.70 175.13 503.68 198.55 1.53 1.63 3.88 -0.24 0.78 1.02 -2.79 0.12
Car 0.0 0 -2.62 275.81 178.42 348.49 210.05 1.53 1.63 3.88 -0.49 0.79 1.02 -3.01 0.12
Car 0.0 0 -2.62 697.44 169.60 802.39 211.95 1.53 1.63 3.88 0.14 0.78 1.02 -2.43 0.12
Car 0.0 0 -2.62 671.88 173.47 722.28 208.03 1.53 1.63 3.88 0.06 0.78 1.02 -2.50 0.10
Car 0.0 0 1.05 841.51 167.20 1112.59 335.58 1.53 1.63 3.88 0.49 0.85 1.02 1.52 0.09
Car 0.0 0 -2.62 350.97 178.40 418.18 209.79 1.53 1.63 3.88 -0.38 0.79 1.02 -2.92 0.08
