Car 0.0 0 -2.62 517.26 183.50 564.59 220.24 1.53 1.63 3.88 -0.16 0.80 1.02 -2.71 0.15
Car 0.0 0 -2.62 540.76 180.63 577.98 208.13 1.53 1.63 3.88 -0.13 0.79 1.02 -2.69 0.13
Car 0.0 0 1.05 403.19 186.89 522.26 266.30 1.53 1.63 3.88 -0.26 0.83 1.02 0.85 0.13
Car 0.0 0 -2.62 657.42 182.22 704.90 213.92 1.53 1.63 3.88 0.04 0.79 1.02 -2.52 0.12
Car 0.0 0 -2.62 484.33 182.00 541.48 224.30 1.53 1.63 3.88 -0.20 0.80 1.02 -2.75 0.11
Car 0.0 0 -2.62 674.51 186.82 754.39 245.81 1.53 1.63 3.88 0.08 0.82 1.02 -2.47 0.11
Car 0.0 0 1.05 704.96 180.35 823.03 271.30 1.53 1.63 3.88 0.15 0.83 1.02 1.26 0.10
Car 0.0 0 1.05 701.09 182.12 818.60 268.06 1.53 1.63 3.88 0.14 0.83 1.02 1.25 0.10
Car 0.0 0 -2.62 583.46 175.13 607.81 196.49 1.53 1.63 3.88 -0.08 0.78 1.02 -2.64 0.10
Car 0.0 0 1.05 744.47 165.41 1034.45 353.79 1.53 1.63 3.88 0.28 0.86 1.02 1.42 0.09
Car 0.0 0 1.05 716.05 203.62 806.34 276.06 1.53 1.63 3.88 0.15 0.85 1.02 1.25 0.08
