Pedestrian 0.0 0 1.05 985.46 131.38 1071.62 347.41 1.76 0.66 0.84 0.53 0.96 1.02 1.57 0.24
Pedestrian 0.0 0 1.05 374.87 161.19 421.76 302.23 1.76 0.66 0.84 -0.37 0.96 1.02 0.76 0.17
Pedestrian 0.0 0 1.05 1057.97 127.93 1159.21 366.07 1.76 0.66 0.84 0.64 0.97 1.02 1.65 0.14
Pedestrian 0.0 0 1.05 173.15 141.43 304.91 433.18 1.76 0.66 0.84 -0.59 1.03 1.02 0.57 0.10
Cyclist 0.0 0 1.05 985.46 131.38 1071.62 347.41 1.74 0.60 1.76 0.53 0.95 1.02 1.57 0.09
Car 0.0 0 -2.62 678.95 189.68 776.56 260.17 1.53 1.63 3.88 0.10 0.83 1.02 -2.46 0.08
Pedestrian 0.0 0 1.05 879.94 153.58 940.00 302.74 1.76 0.66 0.84 0.36 0.95 1.02 1.44 0.08
Car 0.0 0 -2.62 616.51 183.78 687.94 239.57 1.53 1.63 3.88 -0.01 0.81 1.02 -2.56 0.08
Car 0.0 0 -2.62 622.48 175.70 655.47 205.18 1.53 1.63 3.88 -0.02 0.78 1.02 -2.58 0.08
Cyclist 0.0 0 1.05 374.87 161.19 421.76 302.23 1.74 0.60 1.76 -0.37 0.94 1.02 0.76 0.08
Pedestrian 0.0 0 -2.62 444.82 165.34 466.89 230.58 1.76 0.66 0.84 -0.28 0.91 1.02 -2.83 0.07
