Car 0.0 0 -2.62 550.59 179.07 600.11 219.46 1.53 1.63 3.88 -0.11 0.79 1.02 -2.67 0.21
Car 0.0 0 1.05 259.21 180.80 515.69 341.07 1.53 1.63 3.88 -0.34 0.86 1.02 0.75 0.15
Car 0.0 0 -2.62 656.29 179.64 736.76 244.12 1.53 1.63 3.88 0.06 0.81 1.02 -2.50 0.14
Car 0.0 0 -2.62 635.31 182.77 690.68 223.05 1.53 1.63 3.88 0.01 0.80 1.02 -2.54 0.13
Car 0.0 0 -2.62 452.80 175.79 515.45 214.46 1.53 1.63 3.88 -0.24 0.79 1.02 -2.79 0.11
Car 0.0 0 -2.62 312.41 181.55 358.53 206.31 1.53 1.63 3.88 -0.45 0.79 1.02 -2.98 0.11
Car 0.0 0 -2.62 636.55 183.62 715.08 230.55 1.53 1.63 3.88 0.03 0.81 1.02 -2.53 0.11
Car 0.0 0 -2.62 476.86 175.53 525.02 213.80 1.53 1.63 3.88 -0.22 0.79 1.02 -2.77 0.10
Car 0.0 0 -2.62 93.90 187.03 193.63 226.11 1.53 1.63 3.88 -0.72 0.81 1.02 3.09 0.09
Car 0.0 0 1.05 171.29 180.19 370.67 271.17 1.53 1.63 3.88 -0.54 0.83 1.02 0.61 0.09
Car 0.0 0 -2.62 617.22 184.41 651.88 211.60 1.53 1.63 3.88 -0.03 0.79 1.02 -2.58 0.08
