Car 0.0 0 1.05 734.90 181.70 856.38 281.47 1.53 1.63 3.88 0.21 0.83 1.02 1.30 0.18
Car 0.0 0 -2.62 681.58 184.71 729.06 219.71 1.53 1.63 3.88 0.07 0.80 1.02 -2.49 0.15
Car 0.0 0 -2.62 651.35 167.23 687.64 198.43 1.53 1.63 3.88 0.02 0.77 1.02 -2.54 0.14
Car 0.0 0 -2.62 375.28 182.09 494.61 234.72 1.53 1.63 3.88 -0.30 0.81 1.02 -2.86 0.13
Car 0.0 0 -2.62 563.00 173.84 596.57 196.99 1.53 1.63 3.88 -0.11 0.78 1.02 -2.66 0.13
Car 0.0 0 -2.62 432.93 179.98 520.37 227.06 1.53 1.63 3.88 -0.25 0.80 1.02 -2.80 0.13
Car 0.0 0 -2.62 530.14 179.71 573.75 207.48 1.53 1.63 3.88 -0.15 0.79 1.02 -2.70 0.12
Car 0.0 0 -2.62 709.80 181.41 797.02 243.90 1.53 1.63 3.88 0.14 0.81 1.02 -2.42 0.11
Car 0.0 0 -2.62 477.45 178.80 551.92 218.26 1.53 1.63 3.88 -0.20 0.79 1.02 -2.75 0.10
Car 0.0 0 -2.62 488.45 176.66 563.19 212.66 1.53 1.63 3.88 -0.18 0.79 1.02 -2.73 0.10
Car 0.0 0 -2.62 268.46 180.97 448.42 252.62 1.53 1.63 3.88 -0.41 0.82 1.02 -2.95 0.10
