Pedestrian 0.0 0 1.05 630.15 157.42 700.00 332.07 1.76 0.66 0.84 0.03 0.96 1.03 1.14 0.18
Pedestrian 0.0 0 1.05 215.41 149.80 325.20 391.18 1.76 0.66 0.84 -0.54 1.00 1.03 0.62 0.16
Pedestrian 0.0 0 1.05 360.99 162.33 455.51 376.42 1.76 0.66 0.84 -0.34 1.00 1.03 0.79 0.14
Pedestrian 0.0 0 1.05 898.04 135.49 962.21 305.42 1.76 0.66 0.84 0.41 0.93 1.03 1.48 0.12
Pedestrian 0.0 0 1.05 325.13 180.03 398.36 363.03 1.76 0.66 0.84 -0.41 1.00 1.03 0.73 0.11
Pedestrian 0.0 0 1.05 552.53 162.50 581.00 248.85 1.76 0.66 0.84 -0.11 0.91 1.03 1.00 0.09
Pedestrian 0.0 0 1.05 467.61 168.46 494.52 250.53 1.76 0.66 0.84 -0.23 0.92 1.03 0.88 0.09
Pedestrian 0.0 0 1.05 960.18 137.75 993.40 235.32 1.76 0.66 0.84 0.47 0.88 1.03 1.53 0.08
Car 0.0 0 -2.62 515.56 176.77 546.14 203.12 1.53 1.63 3.88 -0.16 0.77 1.03 -2.71 0.08
Pedestrian 0.0 0 1.05 163.23 200.62 243.15 389.53 1.76 0.66 0.84 -0.63 1.03 1.03 0.54 0.08
Pedestrian 0.0 0 -2.62 507.40 168.26 533.48 234.59 1.76 0.66 0.84 -0.18 0.91 1.03 -2.73 0.08
Pedestrian 0.0 0 -2.09 485.21 167.08 508.99 227.71 1.76 0.66 0.84 -0.21 0.90 1.03 -2.24 0.07
