Car 0.0 0 1.05 364.99 192.60 455.66 250.19 1.53 1.63 3.88 -0.34 0.82 1.02 0.78 0.18
Car 0.0 0 -2.62 480.30 183.12 522.39 214.06 1.53 1.63 3.88 -0.22 0.79 1.02 -2.77 0.14
Car 0.0 0 -2.62 429.94 186.27 486.62 228.55 1.53 1.63 3.88 -0.28 0.81 1.02 -2.82 0.14
Car 0.0 0 -2.62 658.11 179.78 713.34 217.01 1.53 1.63 3.88 0.04 0.79 1.02 -2.51 0.13
Car 0.0 0 -2.62 515.48 177.59 549.63 203.35 1.53 1.63 3.88 -0.17 0.78 1.02 -2.72 0.12
Car 0.0 0 -0.52 203.35 196.29 377.95 295.16 1.53 1.63 3.88 -0.49 0.85 1.02 -0.94 0.12
Car 0.0 0 -2.62 638.90 178.34 685.79 209.41 1.53 1.63 3.88 0.01 0.79 1.02 -2.54 0.09
Car 0.0 0 -2.62 682.03 179.61 752.74 235.48 1.53 1.63 3.88 0.09 0.81 1.02 -2.47 0.09
Car 0.0 0 1.05 715.84 175.62 815.67 241.10 1.53 1.63 3.88 0.16 0.81 1.02 1.26 0.09
Car 0.0 0 -0.52 846.43 156.97 1030.60 228.45 1.53 1.63 3.88 0.41 0.78 1.02 -0.10 0.07
Car 0.0 0 -2.62 591.39 171.77 614.36 192.79 1.53 1.63 3.88 -0.07 0.77 1.02 -2.63 0.07
