Car 0.0 0 -2.62 571.85 175.15 631.33 224.32 1.53 1.63 3.88 -0.07 0.79 1.02 -2.63 0.24
Car 0.0 0 -2.62 681.29 178.05 734.42 220.43 1.53 1.63 3.88 0.08 0.79 1.02 -2.48 0.18
Car 0.0 0 -2.62 331.80 179.35 463.48 237.91 1.53 1.63 3.88 -0.36 0.81 1.02 -2.90 0.12
Car 0.0 0 -2.62 182.03 174.66 277.43 214.25 1.53 1.63 3.88 -0.60 0.79 1.02 -3.10 0.11
Car 0.0 0 -2.62 495.72 171.56 561.65 201.33 1.53 1.63 3.88 -0.18 0.78 1.02 -2.73 0.10
Car 0.0 0 -2.62 473.87 165.89 515.36 191.72 1.53 1.63 3.88 -0.23 0.77 1.02 -2.78 0.10
Car 0.0 0 -2.62 399.13 174.70 506.86 224.10 1.53 1.63 3.88 -0.28 0.79 1.02 -2.83 0.09
Car 0.0 0 1.05 100.96 172.00 350.65 326.81 1.53 1.63 3.88 -0.58 0.85 1.02 0.56 0.09
Car 0.0 0 -2.62 431.27 175.00 517.42 215.01 1.53 1.63 3.88 -0.26 0.79 1.02 -2.80 0.08
Car 0.0 0 1.05 799.89 175.77 1093.06 356.73 1.53 1.63 3.88 0.37 0.87 1.02 1.48 0.08
