Car 0.0 0 -2.62 689.04 180.27 774.82 253.35 1.53 1.63 3.88 0.11 0.82 1.02 -2.45 0.17
Car 0.0 0 1.05 738.42 167.93 969.10 330.56 1.53 1.63 3.88 0.25 0.85 1.02 1.37 0.17
Car 0.0 0 -2.62 514.34 186.07 544.65 208.32 1.53 1.63 3.88 -0.18 0.79 1.02 -2.73 0.13
Car 0.0 0 1.05 333.61 185.31 463.99 278.14 1.53 1.63 3.88 -0.35 0.83 1.02 0.76 0.12
Car 0.0 0 1.05 184.15 202.78 400.45 335.41 1.53 1.63 3.88 -0.48 0.88 1.02 0.63 0.11
Car 0.0 0 -2.62 643.42 180.69 690.02 216.16 1.53 1.63 3.88 0.01 0.79 1.02 -2.54 0.11
Car 0.0 0 1.05 445.69 184.15 500.55 230.55 1.53 1.63 3.88 -0.26 0.81 1.02 0.86 0.11
Car 0.0 0 -2.62 585.12 182.82 613.71 203.78 1.53 1.63 3.88 -0.08 0.79 1.02 -2.63 0.10
Car 0.0 0 -2.62 676.67 180.56 725.26 216.82 1.53 1.63 3.88 0.06 0.79 1.02 -2.49 0.09
Car 0.0 0 -2.62 671.70 181.69 739.72 233.52 1.53 1.63 3.88 0.07 0.81 1.02 -2.49 0.08
Pedestrian 0.0 0 1.05 899.23 86.35 991.08 287.68 1.76 0.66 0.84 0.41 0.89 1.02 1.48 0.08
Car 0.0 0 1.05 413.04 184.52 493.04 247.66 1.53 1.63 3.88 -0.28 0.82 1.02 0.83 0.08
