Car 0.0 0 -2.62 476.70 185.82 525.13 218.23 1.53 1.63 3.88 -0.22 0.80 1.02 -2.77 0.22
Car 0.0 0 1.05 591.03 183.16 683.19 268.89 1.53 1.63 3.88 -0.02 0.83 1.02 1.09 0.19
Car 0.0 0 -2.62 341.18 189.53 409.98 231.59 1.53 1.63 3.88 -0.39 0.81 1.02 -2.93 0.15
Car 0.0 0 -2.62 390.17 185.05 442.10 218.82 1.53 1.63 3.88 -0.34 0.80 1.02 -2.88 0.13
Car 0.0 0 -2.62 549.67 181.73 578.22 204.51 1.53 1.63 3.88 -0.13 0.79 1.02 -2.68 0.12
Car 0.0 0 -2.62 682.98 182.91 765.16 221.58 1.53 1.63 3.88 0.10 0.80 1.02 -2.46 0.11
Car 0.0 0 -2.62 728.23 176.25 850.30 232.73 1.53 1.63 3.88 0.20 0.80 1.02 -2.37 0.11
Car 0.0 0 -2.62 719.50 179.98 817.54 226.76 1.53 1.63 3.88 0.16 0.80 1.02 -2.40 0.10
Car 0.0 0 -2.62 442.23 184.06 500.48 211.99 1.53 1.63 3.88 -0.26 0.79 1.02 -2.81 0.10
Car 0.0 0 -2.62 206.24 186.06 298.05 227.90 1.53 1.63 3.88 -0.57 0.81 1.02 -3.08 0.10
Car 0.0 0 -2.62 517.11 182.24 549.09 205.02 1.53 1.63 3.88 -0.17 0.79 1.02 -2.72 0.09
