Car 0.0 0 -2.62 592.75 175.24 636.88 214.17 1.53 1.63 3.88 -0.06 0.79 1.02 -2.61 0.20
Car 0.0 0 -2.62 496.37 179.94 530.66 207.02 1.53 1.63 3.88 -0.20 0.79 1.02 -2.75 0.16
Car 0.0 0 -2.62 646.81 175.84 691.78 203.79 1.53 1.63 3.88 0.02 0.78 1.02 -2.54 0.11
Car 0.0 0 1.05 776.37 168.60 1033.91 324.77 1.53 1.63 3.88 0.39 0.84 1.02 1.44 0.11
Car 0.0 0 1.05 1031.32 164.74 1301.04 356.28 1.53 1.63 3.88 0.76 0.86 1.02 1.70 0.10
Car 0.0 0 -2.62 648.86 174.82 713.55 206.02 1.53 1.63 3.88 0.04 0.78 1.02 -2.52 0.09
Car 0.0 0 1.05 711.38 167.51 845.00 261.06 1.53 1.63 3.88 0.17 0.81 1.02 1.28 0.09
Car 0.0 0 -2.62 675.98 175.42 749.02 214.42 1.53 1.63 3.88 0.08 0.79 1.02 -2.48 0.09
Car 0.0 0 1.05 707.54 176.51 815.55 248.27 1.53 1.63 3.88 0.15 0.81 1.02 1.25 0.09
Car 0.0 0 -0.52 980.35 165.94 1063.61 198.29 1.53 1.63 3.88 0.52 0.77 1.02 -0.00 0.08
