Car 0.0 0 -2.62 397.76 192.87 467.40 239.49 1.53 1.63 3.88 -0.31 0.82 1.02 -2.86 0.22
Car 0.0 0 -2.62 472.92 180.74 517.85 215.38 1.53 1.63 3.88 -0.23 0.79 1.02 -2.77 0.22
Car 0.0 0 -2.62 441.11 192.74 491.13 226.72 1.53 1.63 3.88 -0.27 0.81 1.02 -2.81 0.19
Car 0.0 0 -2.62 1017.89 139.64 1072.77 179.58 1.53 1.63 3.88 0.55 0.74 1.02 -2.07 0.10
Car 0.0 0 -2.62 155.33 203.84 242.51 239.62 1.53 1.63 3.88 -0.65 0.83 1.02 -3.14 0.09
Car 0.0 0 -2.62 494.00 181.30 532.33 207.32 1.53 1.63 3.88 -0.20 0.79 1.02 -2.75 0.09
Car 0.0 0 -2.62 110.31 205.37 187.06 236.76 1.53 1.63 3.88 -0.72 0.83 1.02 3.10 0.09
Car 0.0 0 -2.62 532.31 178.32 557.88 201.07 1.53 1.63 3.88 -0.16 0.78 1.02 -2.71 0.08
Car 0.0 0 -2.62 615.92 175.72 644.49 196.45 1.53 1.63 3.88 -0.03 0.78 1.02 -2.59 0.07
Car 0.0 0 -2.62 656.28 175.66 711.82 222.16 1.53 1.63 3.88 0.04 0.79 1.02 -2.52 0.07
