Car 0.0 0 -2.62 491.06 178.05 537.17 211.64 1.53 1.63 3.88 -0.20 0.79 1.02 -2.75 0.22
Car 0.0 0 1.05 586.18 179.97 655.13 243.49 1.53 1.63 3.88 -0.05 0.81 1.02 1.06 0.17
Car 0.0 0 1.05 323.77 181.00 432.57 247.15 1.53 1.63 3.88 -0.38 0.81 1.02 0.74 0.16
Car 0.0 0 -2.62 693.20 179.38 791.00 227.89 1.53 1.63 3.88 0.12 0.80 1.02 -2.44 0.16
Car 0.0 0 1.05 744.75 172.37 906.89 277.14 1.53 1.63 3.88 0.26 0.82 1.02 1.34 0.15
Car 0.0 0 -2.62 649.58 174.14 673.63 197.21 1.53 1.63 3.88 0.01 0.78 1.02 -2.55 0.12
Car 0.0 0 1.05 131.25 178.67 286.68 261.74 1.53 1.63 3.88 -0.61 0.82 1.02 0.54 0.12
Car 0.0 0 -2.62 463.18 180.19 511.36 207.66 1.53 1.63 3.88 -0.24 0.79 1.02 -2.79 0.10
Car 0.0 0 -2.62 589.46 173.16 617.60 198.94 1.53 1.63 3.88 -0.07 0.78 1.02 -2.63 0.09
Car 0.0 0 -2.62 225.34 181.57 301.19 224.89 1.53 1.63 3.88 -0.55 0.80 1.02 -3.07 0.08
Car 0.0 0 -2.62 396.25 180.99 436.94 215.53 1.53 1.63 3.88 -0.34 0.79 1.02 -2.88 0.07
